"TOA5","Blynken","CR300","36594","CR300-CELL210.11.3.0","CPU:blynken.260302.dld","59090","Ai1"
"TIMESTAMP","RECORD","BatteryVoltage","InternalTemperature","InternalHumidity","CurrentAverage","CurrentMaximum","ProcessingTime","SerialNumber","DataloggerOSVersion","Ai1OSVersion","ProgramSignature","ProgramCounter","StartUpCode","WatchdogErrors","SkippedScans","MemoryFree","CellUsageToday","CellUsageThisMonth","CellRSSI","CellNetBand","Latitude","Longitude","GPSSatellitesInView","Pressure_mH2O","ReadAttempts_Max"
"TS","RN","Volts","°C","%","mA (-=Charge, +=Discharge)","mA (-=Charge, +=Discharge)","µS","","","","(0-65535)","Cycles","(0=Ok, -1=Power, -2=Watchdog)","Errors Since Compile","Scans Skipped","Bytes","kB","kB","dBm","","Decimal Degrees (N=+,S=-)","Decimal Degrees (E=+,W=-)","GPS Satellites visible","mH2O",""
"","","Smp","Smp","Smp","Avg:mA","Max:mA","Smp","Smp","Smp","Smp","Smp:0-65535)","Smp","Smp:0=Ok","Smp:Watchdog Errors Since Compile","Smp:Scans Skipped","Smp:Bytes","Smp:kB","Smp:kB","Smp:dBm","Smp:band","Smp","Smp","Smp","Smp","Max"
"2026-03-02 08:00:00",0,13.55,15.89,28,0.315,152,204,36594,1.3,0.75,59090,482,-1,0,0,27280,101.3,101,-71,4,0,0,0,-13.01,0
"2026-03-02 09:00:00",1,14.19,-0.594,26,151.8,152,204,36594,1.3,0.75,59090,1202,-1,0,1,27280,174.7,174,-55,4,0,0,0,-13.01,1
"2026-03-02 10:00:00",2,14.24,-2.228,25,-8.97,14,204,36594,1.3,0.75,59090,1922,-1,0,2,27280,245.8,245,-67,4,44.20147,-69.00392,4,-13.01,1
"2026-03-02 11:00:00",3,14.21,-0.664,25,14.02,29,204,36594,1.3,0.75,59090,2642,-1,0,3,27280,312.1,312,-53,4,44.31794,-68.92731,4,0.224,1
"2026-03-02 12:00:00",4,14.22,-1.038,26,28.96,29,204,36594,1.3,0.75,59090,3362,-1,0,4,27280,384.3,384,-53,4,44.31794,-68.92731,4,0.231,1
"2026-03-02 13:00:00",5,14.18,1.016,25,2.047,36,204,36594,1.3,0.75,59090,4082,-1,0,5,27280,457.3,457,-55,4,44.31793,-68.92731,4,0.239,1
"2026-03-02 14:00:00",6,14.15,2.54,25,35.96,36,204,36594,1.3,0.75,59090,4802,-1,0,6,27280,534.5,534,-55,4,44.31793,-68.92731,4,0.258,1
"2026-03-02 15:00:00",7,14.15,2.805,25,4.012,13,204,36594,1.3,0.75,59090,5522,-1,0,7,27280,611.6,611,-55,4,44.31794,-68.92722,5,0.263,1
"2026-03-02 16:00:00",8,14.15,2.254,25,12.96,13,211,36594,1.3,0.75,59090,6242,-1,0,8,27280,688.8,688,-53,4,44.31803,-68.92712,4,0.331,1
"2026-03-02 17:00:00",9,14.11,1.281,25,-12.91,50,204,36594,1.3,0.75,59090,6962,-1,0,9,27280,759.8,759,-55,4,44.31809,-68.92708,4,0.358,1
"2026-03-02 18:00:00",10,13.27,-2.086,26,50.07,103,204,36594,1.3,0.75,59090,7682,-1,0,10,27280,831,831,-59,4,44.31809,-68.92708,4,0.358,1
"2026-03-02 19:00:00",11,13.1,-2.947,26,103,113,211,36594,1.3,0.75,59090,8402,-1,0,11,27280,908,907,-53,4,44.3181,-68.9272,4,0.358,1
"2026-03-02 20:00:00",12,12.95,-3.164,27,113,125,204,36594,1.3,0.75,59090,9122,-1,0,12,27280,982,982,-61,4,44.31812,-68.92724,6,0.224,1
"2026-03-02 21:00:00",13,12.92,-3.254,27,125,125,204,36594,1.3,0.75,59090,9842,-1,0,13,27280,1054,1054,-57,4,44.31811,-68.92717,4,0.224,1
"2026-03-02 22:00:00",14,12.86,-3.333,27,97.1,149,204,36594,1.3,0.75,59090,10562,-1,0,14,27280,1120,1119,-53,4,44.31791,-68.92731,4,0.224,1
"2026-03-02 23:00:00",15,12.92,-3.601,27,149,149,204,36594,1.3,0.75,59090,11282,-1,0,15,27280,1195,1194,-51,4,44.31804,-68.92724,5,0.224,1
"2026-03-03 00:00:00",16,12.8,-4.171,27,134.1,192,204,36594,1.3,0.75,59090,12002,-1,0,16,27280,0.647,1271,-53,4,44.318,-68.92724,5,0.199,1
"2026-03-03 01:00:00",17,12.79,-3.884,27,192,192,211,36594,1.3,0.75,59090,12722,-1,0,16,27280,56.31,1327,-51,4,44.31799,-68.92723,4,0.199,1
"2026-03-03 02:00:00",18,12.82,-3.937,27,174,174,205,36594,1.3,0.75,59090,13442,-1,0,17,27280,123.7,1394,-57,13,44.31799,-68.92725,6,0.179,1
"2026-03-03 03:00:00",19,12.88,-3.73,27,143,143,204,36594,1.3,0.75,59090,14162,-1,0,17,27280,182.7,1453,-59,4,44.31791,-68.92721,4,0.179,1
"2026-03-03 04:00:00",20,12.85,-3.884,27,130,156,204,36594,1.3,0.75,59090,14882,-1,0,18,27280,253.3,1524,-51,4,44.31808,-68.9273,5,0.179,1
"2026-03-03 05:00:00",21,12.87,-4.046,27,156,156,204,36594,1.3,0.75,59090,15602,-1,0,19,27280,326.4,1597,-53,4,"NAN","NAN",4,0.181,1
"2026-03-03 06:00:00",22,12.84,-3.525,27,121,121,211,36594,1.3,0.75,59090,16322,-1,0,20,27280,395.3,1666,-55,13,44.3181,-68.9273,5,0.209,1
"2026-03-03 07:00:00",23,14.02,0.133,27,120.7,121,204,36594,1.3,0.75,59090,17042,-1,0,21,27280,469.1,1739,-51,4,44.31809,-68.92726,6,0.209,1
"2026-03-03 08:00:00",24,13.99,2.898,26,-87.1,-87,204,36594,1.3,0.75,59090,17762,-1,0,22,27280,538.9,1809,-53,4,44.31809,-68.92729,4,0.221,1
"2026-03-03 09:00:00",25,14.1,5.06,26,-185.7,17,211,36594,1.3,0.75,59090,18482,-1,0,23,27280,610,1880,-53,4,44.31809,-68.92729,4,0.319,1
"2026-03-03 10:00:00",26,14.07,5.568,26,17.01,23,204,36594,1.3,0.75,59090,19202,-1,0,24,27280,687.1,1957,-51,4,44.31809,-68.92729,4,0.319,1
"2026-03-03 11:00:00",27,14.07,5.892,26,23.02,39,204,36594,1.3,0.75,59090,19922,-1,0,25,27280,762.6,2033,-59,4,44.31809,-68.92729,4,0.319,1
"2026-03-03 12:00:00",28,14.04,5.628,26,38.98,39,204,36594,1.3,0.75,59090,20642,-1,0,26,27280,839,2109,-55,4,44.31815,-68.92717,5,0.319,1
"2026-03-03 13:00:00",29,14.05,5.891,26,23.03,41,212,36594,1.3,0.75,59090,21362,-1,0,27,27280,919,2189,-51,4,44.31815,-68.92717,5,0.313,1
"2026-03-03 14:00:00",30,14.04,5.316,26,41,41,204,36594,1.3,0.75,59090,22082,-1,0,28,27280,1014,2284,-59,4,44.31815,-68.92717,5,0.303,1
"2026-03-03 15:00:00",31,14.05,5.015,27,37.99,38,204,36594,1.3,0.75,59090,22802,-1,0,29,27280,1096,2366,-51,4,44.31815,-68.92717,5,0.303,1
"2026-03-03 16:00:00",32,13.98,4.649,27,32.07,85,204,36594,1.3,0.75,59090,23522,-1,0,30,27280,1174,2444,-53,4,44.31816,-68.92719,4,0.303,1
"2026-03-03 17:00:00",33,13.47,3.576,27,85.1,159,204,36594,1.3,0.75,59090,24242,-1,0,31,27280,1247,2517,-53,4,44.31815,-68.92729,4,0.303,1
"2026-03-03 18:00:00",34,13.21,2.968,28,159,159,204,36594,1.3,0.75,59090,24962,-1,0,32,27280,1322,2592,-53,4,44.31815,-68.92729,4,0.246,1
"2026-03-03 19:00:00",35,13.12,2.625,27,128,130,204,36594,1.3,0.75,59090,25682,-1,0,33,27280,1400,2670,-63,4,44.31815,-68.92729,4,0.246,1
"2026-03-03 20:00:00",36,13,2.534,27,130.1,171,204,36594,1.3,0.75,59090,26402,-1,0,34,27280,1483,2754,-55,4,44.31818,-68.92725,4,0.211,1
"2026-03-03 21:00:00",37,13,2.703,27,171,171,204,36594,1.3,0.75,59090,27122,-1,0,35,27280,1566,2836,-59,4,44.31818,-68.92733,5,0.211,1
"2026-03-03 22:00:00",38,13.02,2.433,28,165,165,204,36594,1.3,0.75,59090,27842,-1,0,36,27280,1650,2921,-55,4,44.31825,-68.92721,5,0.211,1
"2026-03-03 23:00:00",39,13,2.466,27,143,178,204,36594,1.3,0.75,59090,28562,-1,0,37,27280,1733,3003,-57,4,44.31814,-68.92721,5,0.211,1
"2026-03-04 00:00:00",40,12.99,2.477,27,177.9,178,204,36594,1.3,0.75,59090,29282,-1,0,38,27280,0.104,3133,-57,4,44.31807,-68.92722,5,0.19,1
"2026-03-04 01:00:00",41,13.05,2.023,27,140,156,211,36594,1.3,0.75,59090,30002,-1,0,39,27280,138.3,3271,-59,4,44.31807,-68.92722,5,0.19,1
"2026-03-04 02:00:00",42,13,2.019,27,156,156,211,36594,1.3,0.75,59090,30722,-1,0,40,27280,226.8,3360,-57,4,44.31803,-68.92723,4,0.174,1
"2026-03-04 03:00:00",43,13.06,2.311,27,124,124,211,36594,1.3,0.75,59090,31442,-1,0,41,27280,309.6,3443,-55,4,44.31802,-68.92725,5,0.174,1
"2026-03-04 04:00:00",44,13.01,2.397,27,101,128,211,36594,1.3,0.75,59090,32162,-1,0,42,27280,392.5,3525,-57,4,44.31806,-68.92728,4,0.171,1
"2026-03-04 05:00:00",45,13.05,2.201,27,128,128,205,36594,1.3,0.75,59090,32882,-1,0,43,27280,497.3,3630,-55,4,44.31802,-68.92716,5,0.171,1
"2026-03-04 06:00:00",46,12.98,1.808,27,116.1,180,204,36594,1.3,0.75,59090,33602,-1,0,44,27280,575.1,3708,-55,4,44.31818,-68.92726,5,0.168,1
"2026-03-04 07:00:00",47,13.17,3.435,27,179.9,180,204,36594,1.3,0.75,59090,34322,-1,0,45,27280,652.2,3785,-55,4,"NAN","NAN",4,0.171,1
"2026-03-04 08:00:00",48,13.54,6.017,26,108.9,109,211,36594,1.3,0.75,59090,35042,-1,0,46,27280,732.4,3865,-57,4,44.31817,-68.92727,5,0.171,1
"2026-03-04 09:00:00",49,13.78,9.12,25,9.89,10,204,36594,1.3,0.75,59090,35762,-1,0,47,27280,809,3942,-55,4,44.31819,-68.92725,5,0.179,1
"2026-03-04 10:00:00",50,13.58,10.38,26,-66.92,-6,204,36594,1.3,0.75,59090,36482,-1,0,48,27280,879,4012,-57,4,44.31817,-68.92725,5,0.187,1
"2026-03-04 11:00:00",51,13.77,13.49,26,-6.211,-6,204,36594,1.3,0.75,59090,37202,-1,0,49,27280,948,4081,-53,4,44.31814,-68.9272,4,0.187,1
"2026-03-04 12:00:00",52,13.85,15.53,26,-157.7,41,205,36594,1.3,0.75,59090,37922,-1,0,50,27280,1023,4156,-55,4,44.31815,-68.92726,5,0.187,1
"2026-03-04 13:00:00",53,13.88,11.95,26,41,41,204,36594,1.3,0.75,59090,38642,-1,0,51,27280,1103,4236,-51,4,44.31807,-68.92727,5,0.187,1
"2026-03-04 14:00:00",54,13.88,11.49,26,41.01,47,211,36594,1.3,0.75,59090,39362,-1,0,52,27280,1182,4315,-59,4,44.31809,-68.92722,5,0.179,1
"2026-03-04 15:00:00",55,13.88,10.72,27,46.99,47,204,36594,1.3,0.75,59090,40082,-1,0,53,27280,1266,4399,-51,4,44.31807,-68.92721,4,0.179,5
"2026-03-04 16:00:00",56,13.95,8.9,27,36.99,37,204,36594,1.3,0.75,59090,40802,-1,0,54,27280,1353,4486,-57,4,44.31807,-68.92722,5,0.179,5
"2026-03-04 17:00:00",57,13.98,8.76,27,33,33,204,36594,1.3,0.75,59090,41522,-1,0,55,27280,1447,4580,-55,4,44.31807,-68.92722,5,0.064,1
"2026-03-04 18:00:00",58,13.46,6.09,27,31.13,123,204,36594,1.3,0.75,59090,42242,-1,0,56,27280,1527,4660,-61,4,44.31807,-68.92722,5,0.064,1
"2026-03-04 19:00:00",59,13.21,4.708,28,123,123,204,36594,1.3,0.75,59090,42962,-1,0,57,27280,1625,4758,-51,4,44.31822,-68.92722,4,0.037,1
"2026-03-04 20:00:00",60,13.14,4.685,28,117,117,211,36594,1.3,0.75,59090,43682,-1,0,58,27280,1716,4849,-59,4,44.3182,-68.92722,5,0.037,1
"2026-03-04 21:00:00",61,13.09,4.457,28,114,121,205,36594,1.3,0.75,59090,44402,-1,0,59,27280,1805,4938,-59,4,44.31817,-68.92725,5,0.037,1
"2026-03-04 22:00:00",62,13.1,3.957,28,121,121,204,36594,1.3,0.75,59090,45122,-1,0,60,27280,1901,5034,-57,4,44.31817,-68.92725,5,0.048,1
"2026-03-04 23:00:00",63,13.06,3.072,28,108,108,211,36594,1.3,0.75,59090,45842,-1,0,61,27280,1988,5121,-53,4,44.31807,-68.92736,4,0.048,1
"2026-03-05 00:00:00",64,13.08,2.527,28,99,99,204,36594,1.3,0.75,59090,46562,-1,0,62,27280,0.219,5205,-55,4,44.31812,-68.92726,6,0.048,1
"2026-03-05 01:00:00",65,13.02,2.247,28,98.1,153,204,36594,1.3,0.75,59090,47282,-1,0,63,27280,82.7,5288,-53,4,44.31805,-68.92729,4,0.021,1
"2026-03-05 02:00:00",66,13.03,2.234,28,153,153,205,36594,1.3,0.75,59090,48002,-1,0,64,27280,163,5368,-51,4,44.3181,-68.92724,4,0.021,1
"2026-03-05 03:00:00",67,13.02,2.309,28,142,142,204,36594,1.3,0.75,59090,48722,-1,0,65,27280,254.2,5459,-57,4,44.31807,-68.92723,4,0.021,1
"2026-03-05 04:00:00",68,13.03,2.322,28,106,106,211,36594,1.3,0.75,59090,49442,-1,0,66,27280,347.7,5553,-55,4,44.31803,-68.92727,4,0.021,1
"2026-03-05 05:00:00",69,13,2.291,28,103,103,204,36594,1.3,0.75,59090,50162,-1,0,67,27280,441.1,5646,-53,4,44.31805,-68.92728,6,0.026,1
"2026-03-05 06:00:00",70,13.05,2.388,28,101,119,204,36594,1.3,0.75,59090,50882,-1,0,68,27280,520.5,5726,-61,4,"NAN","NAN",4,0.026,1
"2026-03-05 07:00:00",71,13.53,3.398,28,118.7,119,205,36594,1.3,0.75,59090,51602,-1,0,69,27280,596.9,5802,-59,4,"NAN","NAN",4,0.028,1
"2026-03-05 08:00:00",72,13.91,5.482,28,-62.16,-62,204,36594,1.3,0.75,59090,52322,-1,0,70,27280,672.1,5877,-55,4,44.31802,-68.92733,4,0.028,1
"2026-03-05 09:00:00",73,14.05,6.861,27,-174.9,-116,211,36594,1.3,0.75,59090,53042,-1,0,71,27280,748.4,5954,-53,4,44.31814,-68.92739,4,0.057,1
"2026-03-05 10:00:00",74,14.05,5.86,27,-115.8,3,205,36594,1.3,0.75,59090,53762,-1,0,72,27280,824,6029,-55,4,44.31814,-68.92739,4,0.117,1
"2026-03-05 11:00:00",75,14.04,6.185,27,3.031,25,205,36594,1.3,0.75,59090,54482,-1,0,73,27280,898,6103,-51,4,44.31814,-68.92739,4,0.134,1
"2026-03-05 12:00:00",76,14.04,6.711,26,24.99,25,204,36594,1.3,0.75,59090,55202,-1,0,74,27280,979,6184,-57,4,44.31799,-68.92728,4,0.134,1
"2026-03-05 13:00:00",77,14.05,6.114,26,16.01,23,204,36594,1.3,0.75,59090,55922,-1,0,75,27280,1052,6258,-51,4,44.31801,-68.92727,4,0.134,1
"2026-03-05 14:00:00",78,14.04,5.818,26,23.03,48,204,36594,1.3,0.75,59090,56642,-1,0,76,27280,1134,6339,-51,4,"NAN","NAN",4,0.134,1
"2026-03-05 15:00:00",79,14.05,5.025,26,47.96,48,204,36594,1.3,0.75,59090,57362,-1,0,77,27280,1236,6441,-57,4,"NAN","NAN",4,0.134,1
"2026-03-05 16:00:00",80,14.08,3.681,26,21.02,32,204,36594,1.3,0.75,59090,58082,-1,0,78,27280,1346,6551,-55,4,"NAN","NAN",4,0.134,1
"2026-03-05 17:00:00",81,13.78,1.512,27,32.07,83,204,36594,1.3,0.75,59090,58802,-1,0,79,27280,1431,6636,-61,4,"NAN","NAN",4,0.137,1
"2026-03-05 18:00:00",82,13.25,0.371,27,83.1,124,205,36594,1.3,0.75,59090,59522,-1,0,80,27280,1518,6723,-57,4,44.31799,-68.92736,4,0.137,1
"2026-03-05 19:00:00",83,13.14,-0.089,27,124,124,204,36594,1.3,0.75,59090,60242,-1,0,81,27280,1609,6814,-61,4,44.31801,-68.9273,5,0.137,1
"2026-03-05 20:00:00",84,12.99,-0.414,28,114,114,212,36594,1.3,0.75,59090,60962,-1,0,82,27280,1695,6900,-53,4,44.31797,-68.92736,5,0.133,1
"2026-03-05 21:00:00",85,13,-0.403,28,108,108,204,36594,1.3,0.75,59090,61682,-1,0,83,27280,1782,6987,-59,4,44.31802,-68.92735,4,0.125,1
"2026-03-05 22:00:00",86,12.95,-0.642,28,98,116,205,36594,1.3,0.75,59090,62402,-1,0,84,27280,1866,7072,-53,4,44.31808,-68.92737,4,0.125,1
"2026-03-05 23:00:00",87,12.99,-0.565,27,116,116,204,36594,1.3,0.75,59090,63122,-1,0,85,27280,1955,7161,-57,4,44.31812,-68.92732,5,0.125,1
"2026-03-06 00:00:00",88,12.93,-0.774,28,106,115,205,36594,1.3,0.75,59090,63842,-1,0,86,27280,0.074,7245,-55,4,44.31804,-68.9273,4,0.125,1
"2026-03-06 01:00:00",89,12.97,-0.873,28,115,115,204,36594,1.3,0.75,59090,64562,-1,0,87,27280,85.5,7330,-59,4,44.31804,-68.92728,4,0.155,1
"2026-03-06 02:00:00",90,12.95,-0.835,28,107,107,204,36594,1.3,0.75,59090,65282,-1,0,88,27280,173.2,7418,-59,4,44.31803,-68.92727,4,0.155,1
"2026-03-06 03:00:00",91,12.99,-0.722,28,107,107,204,36594,1.3,0.75,59090,66002,-1,0,89,27280,259.8,7505,-53,4,44.31803,-68.9273,4,0.155,1
"2026-03-06 04:00:00",92,12.95,-0.505,28,107,119,204,36594,1.3,0.75,59090,66722,-1,0,90,27280,350.8,7596,-55,4,44.31802,-68.92728,5,0.155,1
"2026-03-06 05:00:00",93,12.99,-0.698,28,119,119,204,36594,1.3,0.75,59090,67442,-1,0,91,27280,439.7,7685,-57,4,44.31802,-68.92725,4,0.155,1
"2026-03-06 06:00:00",94,12.95,-0.675,28,111,111,204,36594,1.3,0.75,59090,68162,-1,0,92,27280,524.8,7770,-57,4,44.31789,-68.92699,4,0.162,1
"2026-03-06 07:00:00",95,13.04,-0.132,28,111,111,204,36594,1.3,0.75,59090,68882,-1,0,93,27280,618.8,7864,-55,4,44.31789,-68.92699,4,0.162,1
"2026-03-06 08:00:00",96,13.16,0.468,27,79.97,80,204,36594,1.3,0.75,59090,69602,-1,0,94,27280,710.8,7956,-55,4,44.31799,-68.9273,4,0.162,1
"2026-03-06 09:00:00",97,13.32,1.121,27,60.97,61,204,36594,1.3,0.75,59090,70322,-1,0,95,27280,1106,8350,-53,4,44.31799,-68.9273,4,0.174,1
"2026-03-06 10:00:00",98,13.65,2.724,27,40.89,41,204,36594,1.3,0.75,59090,71042,-1,0,96,27280,1199,8444,-51,4,44.31814,-68.92732,4,0.19,1
"2026-03-06 11:00:00",99,13.57,3.032,27,-40.96,-13,211,36594,1.3,0.75,59090,71762,-1,0,97,27280,1292,8536,-51,4,44.31806,-68.92733,4,0.204,1
"2026-03-06 12:00:00",100,13.66,4.335,27,-13.02,-13,204,36594,1.3,0.75,59090,72482,-1,0,98,27280,1384,8629,-53,4,44.3181,-68.9273,4,0.266,1
"2026-03-06 13:00:00",101,13.71,5.51,27,-29.96,-4,212,36594,1.3,0.75,59090,73202,-1,0,99,27280,1471,8716,-61,4,44.31797,-68.92729,4,0.28,1
"2026-03-06 14:00:00",102,13.57,6.008,27,-3.9,68,204,36594,1.3,0.75,59090,73922,-1,0,100,27280,1565,8810,-55,4,44.31808,-68.92724,4,0.315,1
"2026-03-06 15:00:00",103,14,7.946,27,67.92,68,204,36594,1.3,0.75,59090,74642,-1,0,101,27280,1657,8902,-55,4,44.31802,-68.92723,5,0.343,1
"2026-03-06 16:00:00",104,13.98,8.52,27,11.99,12,204,36594,1.3,0.75,59090,75362,-1,0,102,27280,1749,8994,-55,4,44.31802,-68.92725,4,0.343,1
"2026-03-06 17:00:00",105,13.85,6.907,27,2.088,65,204,36594,1.3,0.75,59090,76082,-1,0,103,27280,1843,9088,-53,4,44.318,-68.92729,5,0.343,1
"2026-03-06 18:00:00",106,13.37,4.258,27,65.11,142,204,36594,1.3,0.75,59090,76802,-1,0,104,27280,1934,9179,-53,4,44.31799,-68.92722,4,0.306,1
"2026-03-06 19:00:00",107,13.19,3.25,28,142,142,205,36594,1.3,0.75,59090,77522,-1,0,105,27280,2014,9259,-59,4,44.31812,-68.92711,4,0.306,1
"2026-03-06 20:00:00",108,13.07,2.969,28,128,136,204,36594,1.3,0.75,59090,78242,-1,0,106,27280,2093,9338,-57,4,"NAN","NAN",4,0.164,1
"2026-03-06 21:00:00",109,13.04,3.02,28,136,136,204,36594,1.3,0.75,59090,78962,-1,0,107,27280,2177,9422,-53,4,44.31824,-68.92727,4,0.159,1
"2026-03-06 22:00:00",110,13.02,3.043,28,132.1,168,205,36594,1.3,0.75,59090,79682,-1,0,108,27280,2276,9521,-55,4,44.3182,-68.92715,4,0.159,1
"2026-03-06 23:00:00",111,13,3.104,28,168,183,212,36594,1.3,0.75,59090,80402,-1,0,109,27280,2373,9618,-57,4,44.31818,-68.92725,4,0.159,1
"2026-03-07 00:00:00",112,13.08,3.381,28,182.9,183,212,36594,1.3,0.75,59090,81122,-1,0,110,27280,0,9733,-55,4,44.31814,-68.92727,4,0.16,1
"2026-03-07 01:00:00",113,13.03,2.909,28,131,138,205,36594,1.3,0.75,59090,81842,-1,0,111,27280,129.5,9862,-57,4,44.31812,-68.92725,5,0.16,1
"2026-03-07 02:00:00",114,13.07,3.168,28,138,138,204,36594,1.3,0.75,59090,82562,-1,0,112,27280,261.6,9994,-59,4,44.31806,-68.92726,4,0.16,1
"2026-03-07 03:00:00",115,13.02,3.294,28,134,151,205,36594,1.3,0.75,59090,83282,-1,0,113,27280,389.8,10123,-61,4,44.31799,-68.92732,4,0.16,1
"2026-03-07 04:00:00",116,13.03,2.774,28,151,167,204,36594,1.3,0.75,59090,84002,-1,0,114,27280,516.4,10249,-57,4,44.31803,-68.92725,4,0.16,1
"2026-03-07 05:00:00",117,13,3.047,28,166.9,167,204,36594,1.3,0.75,59090,84722,-1,0,115,27280,639.6,10372,-57,4,44.31802,-68.92725,5,0.163,1
"2026-03-07 06:00:00",118,13.04,3.157,28,105.1,145,204,36594,1.3,0.75,59090,85442,-1,0,116,27280,769.9,10503,-55,4,44.31801,-68.92729,4,0.163,1
"2026-03-07 07:00:00",119,13.05,4.083,28,145,145,211,36594,1.3,0.75,59090,86162,-1,0,117,27280,897,10629,-59,4,44.31816,-68.92719,5,0.164,1
"2026-03-07 08:00:00",120,13.1,4.527,28,144.1,189,204,36594,1.3,0.75,59090,86882,-1,0,118,27280,1009,10742,-57,4,"NAN","NAN",4,0.164,1
"2026-03-07 09:00:00",121,13.08,5.194,28,189,189,204,36594,1.3,0.75,59090,87602,-1,0,119,27280,1113,10846,-55,4,44.31812,-68.92723,4,0.193,1
"2026-03-07 10:00:00",122,13.23,5.212,28,153.9,154,204,36594,1.3,0.75,59090,88322,-1,0,120,27280,1223,10955,-57,4,44.31812,-68.92723,4,0.205,1
"2026-03-07 11:00:00",123,13.26,5.721,28,109.9,110,204,36594,1.3,0.75,59090,89042,-1,0,121,27280,1323,11056,-57,4,"NAN","NAN",4,0.232,1
"2026-03-07 12:00:00",124,13.23,5.604,28,70.02,86,204,36594,1.3,0.75,59090,89762,-1,0,122,27280,1425,11157,-61,4,"NAN","NAN",4,0.232,1
"2026-03-07 13:00:00",125,13.23,6.217,28,86,86,204,36594,1.3,0.75,59090,90482,-1,0,123,27280,1531,11264,-61,4,44.31827,-68.92728,4,0.232,1
"2026-03-07 14:00:00",126,13.42,6.695,28,84.9,85,204,36594,1.3,0.75,59090,91202,-1,0,124,27280,1634,11367,-55,4,44.31827,-68.92728,4,0.232,1
"2026-03-07 15:00:00",127,13.22,6.29,28,18.11,98,211,36594,1.3,0.75,59090,91922,-1,0,125,27280,1743,11475,-55,4,44.31827,-68.92728,4,0.181,1
"2026-03-07 16:00:00",128,13.19,6.293,28,98.1,150,204,36594,1.3,0.75,59090,92642,-1,0,126,27280,1848,11581,-63,4,44.31814,-68.9272,4,0.181,1
"2026-03-07 17:00:00",129,13.09,5.817,29,150,165,204,36594,1.3,0.75,59090,93362,-1,0,127,27280,1961,11694,-61,4,44.31814,-68.9272,4,0.15,1
"2026-03-07 18:00:00",130,13.07,5.729,29,165,171,204,36594,1.3,0.75,59090,94082,-1,0,128,27280,2075,11808,-57,4,"NAN","NAN",4,0.15,1
"2026-03-07 19:00:00",131,13.08,5.602,29,170.9,171,204,36594,1.3,0.75,59090,94802,-1,0,129,27280,2175,11908,-67,4,"NAN","NAN",4,0.15,1
"2026-03-07 20:00:00",132,13.1,5.374,29,133,133,204,36594,1.3,0.75,59090,95522,-1,0,130,27280,2264,11997,-53,4,"NAN","NAN",4,0.15,1
"2026-03-07 21:00:00",133,13.05,5.545,29,125,132,204,36594,1.3,0.75,59090,96242,-1,0,131,27280,2367,12099,-55,4,44.31827,-68.92724,4,0.087,1
"2026-03-07 22:00:00",134,13.09,5.654,29,132,132,204,36594,1.3,0.75,59090,96962,-1,0,132,27280,2472,12205,-53,4,44.31827,-68.92724,4,0.087,1
"2026-03-07 23:00:00",135,13.07,5.651,29,125,128,204,36594,1.3,0.75,59090,97682,-1,0,133,27280,2587,12320,-57,4,44.31827,-68.92724,4,0.069,1
"2026-03-08 00:00:00",136,13.09,5.955,29,128,128,204,36594,1.3,0.75,59090,98402,-1,0,134,27280,0.062,12425,-51,4,44.31815,-68.92718,4,0.069,1
"2026-03-08 01:00:00",137,13.05,6.11,29,117.1,174,204,36594,1.3,0.75,59090,99122,-1,0,135,27280,105.3,12530,-53,4,44.31815,-68.92718,4,0.069,1
"2026-03-08 02:00:00",138,13.1,5.912,29,173.9,174,204,36594,1.3,0.75,59090,99842,-1,0,136,27280,213.5,12638,-59,4,44.31815,-68.92718,4,0.069,1
"2026-03-08 03:00:00",139,13.08,6.38,29,133,133,204,36594,1.3,0.75,59090,100562,-1,0,137,27280,327,12752,-65,4,44.31815,-68.92718,4,0.022,1
"2026-03-08 04:00:00",140,13.09,6.373,29,124,143,204,36594,1.3,0.75,59090,101282,-1,0,138,27280,439.4,12864,-57,4,44.31808,-68.9272,4,0.022,1
"2026-03-08 05:00:00",141,13.06,6.392,28,143,144,204,36594,1.3,0.75,59090,102002,-1,0,139,27280,553.7,12979,-55,4,44.31808,-68.9272,4,0.012,1
"2026-03-08 06:00:00",142,13.09,6.411,28,144,144,204,36594,1.3,0.75,59090,102722,-1,0,140,27280,663,13088,-55,4,44.318,-68.92726,4,0.012,1
"2026-03-08 07:00:00",143,13.09,6.297,29,133,133,205,36594,1.3,0.75,59090,103442,-1,0,141,27280,756.9,13182,-53,4,44.31806,-68.92719,4,0.006,1
"2026-03-08 08:00:00",144,13.13,6.391,28,121,121,204,36594,1.3,0.75,59090,104162,-1,0,142,27280,849,13274,-55,4,44.31816,-68.92721,4,-0.003,1
"2026-03-08 09:00:00",145,13.22,7.118,28,109,119,204,36594,1.3,0.75,59090,104882,-1,0,143,27280,950,13375,-59,4,44.31819,-68.92725,4,-0.003,1
"2026-03-08 10:00:00",146,13.41,7.93,28,118.9,119,204,36594,1.3,0.75,59090,105602,-1,0,144,27280,1057,13482,-59,4,44.31814,-68.92718,4,0.006,1
"2026-03-08 11:00:00",147,13.51,9.5,28,48.97,49,211,36594,1.3,0.75,59090,106322,-1,0,145,27280,1166,13591,-51,4,44.31818,-68.92725,4,0.007,1
"2026-03-08 12:00:00",148,13.58,12.65,28,24.88,25,204,36594,1.3,0.75,59090,107042,-1,0,146,27280,1271,13696,-51,4,44.31823,-68.92723,5,0.032,1
"2026-03-08 13:00:00",149,13.52,12.95,28,-61.97,-39,204,36594,1.3,0.75,59090,107762,-1,0,147,27280,1373,13798,-53,4,44.31815,-68.92722,5,0.032,1
"2026-03-08 14:00:00",150,13.53,12.43,28,-38.99,-30,204,36594,1.3,0.75,59090,108482,-1,0,148,27280,1475,13900,-61,4,44.31814,-68.92728,4,0.032,1
"2026-03-08 15:00:00",151,13.53,12.83,28,-29.97,-11,204,36594,1.3,0.75,59090,109202,-1,0,149,27280,1578,14003,-59,4,44.31815,-68.92724,4,-0.026,1
"2026-03-08 16:00:00",152,13.63,12.53,28,-11.09,-11,204,36594,1.3,0.75,59090,109922,-1,0,150,27280,1692,14117,-57,4,44.3181,-68.92725,4,-0.026,1
"2026-03-08 17:00:00",153,13.49,13.32,29,-77.83,42,211,36594,1.3,0.75,59090,110642,-1,0,151,27280,1787,14212,-53,4,44.31804,-68.92719,6,-0.026,1
"2026-03-08 18:00:00",154,13.22,9.81,29,42.17,164,204,36594,1.3,0.75,59090,111362,-1,0,152,27280,1881,14306,-55,4,44.31803,-68.92722,4,-0.026,1
"2026-03-08 19:00:00",155,13.12,6.885,28,164,172,204,36594,1.3,0.75,59090,112082,-1,0,153,27280,1973,14398,-51,4,44.31803,-68.92722,4,-0.037,1
"2026-03-08 20:00:00",156,13.12,5.746,28,172,189,211,36594,1.3,0.75,59090,112802,-1,0,154,27280,2068,14493,-61,4,44.31808,-68.92713,4,-0.037,1
"2026-03-08 21:00:00",157,13.12,7.469,29,189,189,205,36594,1.3,0.75,59090,113522,-1,0,155,27280,2174,14599,-57,4,44.31812,-68.9272,4,-0.063,1
"2026-03-08 22:00:00",158,13.16,9.25,29,153,153,204,36594,1.3,0.75,59090,114242,-1,0,156,27280,2288,14713,-59,4,44.31807,-68.92713,5,-0.063,1
"2026-03-08 23:00:00",159,13.15,9.07,29,136,148,212,36594,1.3,0.75,59090,114962,-1,0,157,27280,2402,14827,-57,4,44.3181,-68.92712,4,-0.063,1
"2026-03-09 00:00:00",160,13.16,7.795,29,148,148,209,36594,1.3,0.75,59090,115682,-1,0,158,27280,0,14939,-59,4,44.3181,-68.92712,4,-0.013,1
"2026-03-09 01:00:00",161,13.12,6.774,29,141,141,204,36594,1.3,0.75,59090,116402,-1,0,159,27280,101.1,15040,-53,4,44.31814,-68.92722,4,-0.013,1
"2026-03-09 02:00:00",162,13.12,5.251,29,135,139,204,36594,1.3,0.75,59090,117122,-1,0,160,27280,212.3,15152,-51,4,44.31812,-68.92727,4,-0.013,1
"2026-03-09 03:00:00",163,13.05,4.833,29,139,139,204,36594,1.3,0.75,59090,117842,-1,0,161,27280,326,15265,-53,4,44.31819,-68.92731,4,-0.06,1
"2026-03-09 04:00:00",164,13.05,5.292,29,126,126,204,36594,1.3,0.75,59090,118562,-1,0,162,27280,432.1,15371,-55,4,44.31809,-68.92723,4,-0.06,1
"2026-03-09 05:00:00",165,13.11,5.762,29,114,114,211,36594,1.3,0.75,59090,119282,-1,0,163,27280,526.6,15466,-57,4,44.31803,-68.92727,5,-0.06,1
"2026-03-09 06:00:00",166,13.1,5.462,29,114,114,211,36594,1.3,0.75,59090,120002,-1,0,164,27280,618,15557,-57,4,44.31802,-68.92723,4,-0.051,1
"2026-03-09 07:00:00",167,13.18,5.994,29,98,110,204,36594,1.3,0.75,59090,120722,-1,0,165,27280,705.4,15645,-55,4,44.31805,-68.92725,4,-0.049,1
"2026-03-09 08:00:00",168,13.4,7.103,29,109.9,110,204,36594,1.3,0.75,59090,121442,-1,0,166,27280,797,15736,-55,4,44.31816,-68.92719,4,-0.038,1
"2026-03-09 09:00:00",169,13.52,7.757,28,29.93,30,204,36594,1.3,0.75,59090,122162,-1,0,167,27280,891,15830,-61,4,44.31809,-68.92731,5,-0.036,1
"2026-03-09 10:00:00",170,13.64,12.01,28,-18.07,-18,205,36594,1.3,0.75,59090,122882,-1,0,168,27280,981,15920,-59,4,44.31816,-68.92721,5,-0.008,1
"2026-03-09 11:00:00",171,13.66,12.66,28,-66.03,-66,204,36594,1.3,0.75,59090,123602,-1,0,169,27280,1071,16010,-59,4,44.31814,-68.92721,4,0.023,1
"2026-03-09 12:00:00",172,13.86,14.4,28,-86,-86,204,36594,1.3,0.75,59090,124322,-1,0,170,27280,1162,16101,-51,4,44.31819,-68.92726,4,0.116,1
"2026-03-09 13:00:00",173,13.85,14.12,28,-109.8,47,204,36594,1.3,0.75,59090,125042,-1,0,171,27280,1263,16202,-53,4,44.31816,-68.92722,4,0.133,1
"2026-03-09 14:00:00",174,13.84,13.42,28,47.01,53,205,36594,1.3,0.75,59090,125762,-1,0,172,27280,1370,16309,-57,4,44.31816,-68.92722,4,0.133,1
"2026-03-09 15:00:00",175,13.85,13.16,28,53,53,204,36594,1.3,0.75,59090,126482,-1,0,173,27280,1473,16413,-63,4,44.31823,-68.92724,5,0.133,1
"2026-03-09 16:00:00",176,13.88,12.09,28,51.99,52,211,36594,1.3,0.75,59090,127202,-1,0,174,27280,1585,16524,-59,4,44.31816,-68.92721,5,-0.001,1
"2026-03-09 17:00:00",177,13.85,10.76,28,46.08,100,204,36594,1.3,0.75,59090,127922,-1,0,175,27280,1692,16631,-59,4,44.31816,-68.92721,5,-0.001,1
"2026-03-09 18:00:00",178,13.44,8.68,29,100.1,137,204,36594,1.3,0.75,59090,128642,-1,0,176,27280,1788,16728,-59,4,44.3181,-68.92708,4,-0.001,1
"2026-03-09 19:00:00",179,13.27,7.769,29,137,142,204,36594,1.3,0.75,59090,129362,-1,0,177,27280,1870,16809,-57,4,44.31807,-68.92718,4,-0.001,1
"2026-03-09 20:00:00",180,13.15,7.934,29,142,142,204,36594,1.3,0.75,59090,130082,-1,0,178,27280,1948,16888,-51,4,44.31816,-68.92713,4,-0.062,1
"2026-03-09 21:00:00",181,13.16,8.54,29,111,119,205,36594,1.3,0.75,59090,130802,-1,0,179,27280,2055,16995,-57,4,44.31821,-68.92719,4,-0.062,1
"2026-03-09 22:00:00",182,13.14,8.53,29,119,125,212,36594,1.3,0.75,59090,131522,-1,0,180,27280,2152,17091,-51,4,44.31821,-68.92719,4,-0.074,1
"2026-03-09 23:00:00",183,13.12,8.26,29,125.1,166,212,36594,1.3,0.75,59090,132242,-1,0,181,27280,2239,17178,-55,4,44.31821,-68.92719,4,-0.074,1
"2026-03-10 00:00:00",184,13.14,8.7,29,166,166,204,36594,1.3,0.75,59090,132962,-1,0,182,27280,0,17273,-51,4,44.31821,-68.92719,4,-0.079,1
"2026-03-10 01:00:00",185,13.15,8.19,29,133,133,204,36594,1.3,0.75,59090,133682,-1,0,183,27280,100.6,17373,-57,4,44.31821,-68.92719,4,-0.079,1
"2026-03-10 02:00:00",186,13.14,8.56,29,121,139,204,36594,1.3,0.75,59090,134402,-1,0,184,27280,200.6,17473,-61,4,44.31815,-68.92725,5,-0.074,1
"2026-03-10 03:00:00",187,13.16,9.2,29,139,139,204,36594,1.3,0.75,59090,135122,-1,0,185,27280,296.6,17569,-57,4,44.31801,-68.92714,4,-0.074,1
"2026-03-10 04:00:00",188,13.15,7.34,29,130,143,205,36594,1.3,0.75,59090,135842,-1,0,186,27280,387.1,17660,-59,4,44.3181,-68.92723,4,-0.062,1
"2026-03-10 05:00:00",189,13.13,6.347,29,143,143,204,36594,1.3,0.75,59090,136562,-1,0,187,27280,489.2,17762,-55,4,44.31812,-68.92724,4,-0.045,1
"2026-03-10 06:00:00",190,13.09,5.325,29,114,144,211,36594,1.3,0.75,59090,137282,-1,0,188,27280,586,17859,-53,4,44.31805,-68.92726,5,-0.045,1
"2026-03-10 07:00:00",191,13.68,8.35,29,143.7,144,204,36594,1.3,0.75,59090,138002,-1,0,189,27280,669.7,17942,-55,4,44.31806,-68.92722,4,-0.045,1
"2026-03-10 08:00:00",192,13.74,11.57,28,-89.1,-89,204,36594,1.3,0.75,59090,138722,-1,0,190,27280,747.8,18020,-53,4,44.31802,-68.92728,6,-0.045,1
"2026-03-10 09:00:00",193,13.78,17.32,26,-129.8,47,204,36594,1.3,0.75,59090,139442,-1,0,191,27280,828,18101,-57,4,44.31804,-68.92728,4,0.012,1
"2026-03-10 10:00:00",194,13.74,19.81,26,47.02,59,204,36594,1.3,0.75,59090,140162,-1,0,192,27280,919,18191,-53,4,44.31809,-68.92731,5,0.117,1
"2026-03-10 11:00:00",195,13.73,19.77,27,59.01,69,205,36594,1.3,0.75,59090,140882,-1,0,193,27280,1016,18288,-53,4,44.31811,-68.92724,5,0.117,1
"2026-03-10 12:00:00",196,13.79,14.35,27,68.97,69,205,36594,1.3,0.75,59090,141602,-1,0,194,27280,1098,18371,-53,4,44.31816,-68.92724,5,0.117,1
"2026-03-10 13:00:00",197,13.85,12.26,28,49.99,50,204,36594,1.3,0.75,59090,142322,-1,0,195,27280,1187,18459,-51,4,44.31816,-68.92713,5,0.107,1
"2026-03-10 14:00:00",198,13.88,11.56,29,42.02,54,205,36594,1.3,0.75,59090,143042,-1,0,196,27280,1278,18551,-53,4,44.31816,-68.92712,4,0.107,1
"2026-03-10 15:00:00",199,13.88,10.87,29,53.99,54,205,36594,1.3,0.75,59090,143762,-1,0,197,27280,1372,18645,-53,4,44.31807,-68.92712,4,-0.004,1
"2026-03-10 16:00:00",200,13.92,11.05,29,45.01,53,204,36594,1.3,0.75,59090,144482,-1,0,198,27280,1466,18739,-55,4,44.31816,-68.92719,4,-0.004,1
"2026-03-10 17:00:00",201,13.89,10.21,28,53.02,64,205,36594,1.3,0.75,59090,145202,-1,0,199,27280,1555,18827,-57,4,44.31812,-68.9272,4,-0.004,1
"2026-03-10 18:00:00",202,13.48,6.938,29,64.15,173,204,36594,1.3,0.75,59090,145922,-1,0,200,27280,1634,18906,-53,4,44.31808,-68.92715,5,-0.004,1
"2026-03-10 19:00:00",203,13.26,6.431,29,173,173,211,36594,1.3,0.75,59090,146642,-1,0,201,27280,1706,18979,-53,4,44.31788,-68.92726,5,-0.05,1
"2026-03-10 20:00:00",204,13.12,5.788,29,142,167,204,36594,1.3,0.75,59090,147362,-1,0,202,27280,1784,19057,-57,4,44.31804,-68.92725,5,-0.05,1
"2026-03-10 21:00:00",205,13.08,5.874,29,167,167,205,36594,1.3,0.75,59090,148082,-1,0,203,27280,1875,19148,-51,4,44.31814,-68.92725,6,-0.05,1
"2026-03-10 22:00:00",206,13.13,5.488,29,151,151,205,36594,1.3,0.75,59090,148802,-1,0,204,27280,1977,19249,-53,4,44.31807,-68.92734,5,-0.05,1
"2026-03-10 23:00:00",207,13.07,6.774,30,119.1,162,211,36594,1.3,0.75,59090,149522,-1,0,205,27280,2073,19346,-61,4,44.31807,-68.9273,4,-0.05,1
"2026-03-11 00:00:00",208,13.14,7.56,30,161.9,162,204,36594,1.3,0.75,59090,150242,-1,0,206,27280,0,19446,-61,4,44.318,-68.92725,6,-0.025,1
"2026-03-11 01:00:00",209,13.13,7.713,30,122,122,204,36594,1.3,0.75,59090,150962,-1,0,207,27280,99.9,19546,-59,4,44.318,-68.92725,6,0.024,1
"2026-03-11 02:00:00",210,13.14,7.116,29,118,118,204,36594,1.3,0.75,59090,151682,-1,0,208,27280,199.7,19645,-53,4,44.31803,-68.92726,5,0.047,1
"2026-03-11 03:00:00",211,13.11,6.489,29,113,129,211,36594,1.3,0.75,59090,152402,-1,0,209,27280,295.3,19741,-53,4,44.31803,-68.92726,5,0.047,1
"2026-03-11 04:00:00",212,13.08,5.618,29,129,147,211,36594,1.3,0.75,59090,153122,-1,0,210,27280,397.6,19843,-57,4,44.31803,-68.92726,5,0.047,1
"2026-03-11 05:00:00",213,13.06,5.3,29,147,166,204,36594,1.3,0.75,59090,153842,-1,0,211,27280,476,19922,-59,4,44.31803,-68.92726,5,0.052,1
"2026-03-11 06:00:00",214,13.07,5.186,29,166,166,204,36594,1.3,0.75,59090,154562,-1,0,212,27280,551,19997,-53,4,44.31802,-68.92723,4,0.052,1
"2026-03-11 07:00:00",215,13.09,5.968,29,147,147,204,36594,1.3,0.75,59090,155282,-1,0,213,27280,626.6,20072,-53,4,44.31798,-68.92723,4,0.052,1
"2026-03-11 08:00:00",216,13.28,5.9,29,132.9,133,205,36594,1.3,0.75,59090,156002,-1,0,214,27280,698.9,20145,-55,4,44.318,-68.92728,4,0.052,1
"2026-03-11 09:00:00",217,13.6,7.206,29,42.84,43,204,36594,1.3,0.75,59090,156722,-1,0,215,27280,771.7,20217,-55,4,44.31794,-68.92724,4,0.068,1
"2026-03-11 10:00:00",218,13.73,8.77,29,-71.09,-71,204,36594,1.3,0.75,59090,157442,-1,0,216,27280,844,20290,-53,4,44.318,-68.92741,5,0.068,1
"2026-03-11 11:00:00",219,13.89,11.57,29,-139.1,-139,204,36594,1.3,0.75,59090,158162,-1,0,217,27280,915,20360,-57,4,44.31813,-68.92739,5,0.1,1
"2026-03-11 12:00:00",220,13.95,10.64,28,-192.7,12,204,36594,1.3,0.75,59090,158882,-1,0,218,27280,990,20435,-55,4,44.31809,-68.92735,5,0.155,1
"2026-03-11 13:00:00",221,13.92,9.22,28,12.03,32,204,36594,1.3,0.75,59090,159602,-1,0,219,27280,1066,20512,-51,4,44.31814,-68.92737,4,0.155,1
"2026-03-11 14:00:00",222,13.95,7.685,28,32,32,204,36594,1.3,0.75,59090,160322,-1,0,220,27280,1156,20602,-51,4,44.3182,-68.92735,4,0.155,1
"2026-03-11 15:00:00",223,13.83,5.722,29,30.08,90,204,36594,1.3,0.75,59090,161042,-1,0,221,27280,1245,20690,-51,4,44.3182,-68.92735,4,0.06,1
"2026-03-11 16:00:00",224,13.51,5.389,29,90,90,204,36594,1.3,0.75,59090,161762,-1,0,222,27280,1340,20785,-51,4,44.31812,-68.92735,4,0.06,1
"2026-03-11 17:00:00",225,13.24,5.163,29,88.1,152,204,36594,1.3,0.75,59090,162482,-1,0,223,27280,1436,20882,-53,4,44.31812,-68.92735,4,-0.043,1
"2026-03-11 18:00:00",226,13.13,4.913,29,152,152,204,36594,1.3,0.75,59090,163202,-1,0,224,27280,1541,20986,-51,4,44.31807,-68.92735,4,-0.043,1
"2026-03-11 19:00:00",227,13.06,4.859,29,151,151,205,36594,1.3,0.75,59090,163922,-1,0,225,27280,1627,21073,-51,4,44.31809,-68.92729,5,-0.075,1
"2026-03-11 20:00:00",228,13.11,5.222,30,126,126,205,36594,1.3,0.75,59090,164642,-1,0,226,27280,1733,21178,-53,4,44.31804,-68.92728,4,-0.075,1
"2026-03-11 21:00:00",229,13.09,5.504,29,109,140,205,36594,1.3,0.75,59090,165362,-1,0,227,27280,1825,21271,-53,4,44.31803,-68.92724,4,-0.075,1
"2026-03-11 22:00:00",230,13.12,5.478,29,140,140,204,36594,1.3,0.75,59090,166082,-1,0,228,27280,1958,21404,-57,4,44.31803,-68.92734,4,-0.073,1
"2026-03-11 23:00:00",231,13.11,5.639,29,140,140,205,36594,1.3,0.75,59090,166802,-1,0,229,27280,2052,21498,-53,4,44.318,-68.92724,4,-0.062,1
"2026-03-12 00:00:00",232,13.1,5.607,29,133,151,204,36594,1.3,0.75,59090,167522,-1,0,230,27280,0.072,21596,-85,4,44.31793,-68.92717,5,-0.057,1
"2026-03-12 01:00:00",233,13.07,5.406,29,151,151,204,36594,1.3,0.75,59090,168242,-1,0,231,27280,100.1,21696,-61,4,"NAN","NAN",4,-0.057,1
"2026-03-12 02:00:00",234,13.12,5.508,29,122,122,204,36594,1.3,0.75,59090,168962,-1,0,232,27280,200.7,21797,-53,4,44.31813,-68.92729,4,-0.057,1
"2026-03-12 03:00:00",235,13.1,5.526,29,116,131,211,36594,1.3,0.75,59090,169682,-1,0,233,27280,297.5,21894,-55,4,44.31812,-68.92728,4,-0.06,1
"2026-03-12 04:00:00",236,13.07,5.753,29,131.1,169,211,36594,1.3,0.75,59090,170402,-1,0,234,27280,390.3,21986,-59,4,"NAN","NAN",4,-0.06,1
"2026-03-12 05:00:00",237,13.09,5.46,29,169,169,204,36594,1.3,0.75,59090,171122,-1,0,235,27280,485.9,22082,-59,4,44.31811,-68.92726,4,-0.066,1
"2026-03-12 06:00:00",238,13.08,5.489,29,141,141,204,36594,1.3,0.75,59090,171842,-1,0,236,27280,583.5,22180,-51,4,"NAN","NAN",4,-0.066,1
"2026-03-12 07:00:00",239,13.07,5.923,29,132,156,204,36594,1.3,0.75,59090,172562,-1,0,237,27280,665.8,22262,-53,4,44.31804,-68.92722,6,-0.067,1
"2026-03-12 08:00:00",240,13.16,6.089,29,155.9,156,204,36594,1.3,0.75,59090,173282,-1,0,238,27280,740.9,22337,-59,4,44.31806,-68.92723,5,-0.067,1
"2026-03-12 09:00:00",241,13.23,6.153,29,119,119,204,36594,1.3,0.75,59090,174002,-1,0,239,27280,827,22423,-57,4,44.31802,-68.92725,7,-0.067,1
"2026-03-12 10:00:00",242,13.23,6.219,29,85,85,204,36594,1.3,0.75,59090,174722,-1,0,240,27280,924,22520,-59,4,44.31802,-68.92725,7,-0.067,1
"2026-03-12 11:00:00",243,13.2,6.631,29,68.05,102,205,36594,1.3,0.75,59090,175442,-1,0,241,27280,1017,22613,-51,4,44.31804,-68.92735,6,-0.057,1
