"TOA5","Blynken","CR300","36594","CR300-CELL210.Std.11.02","CPU:blynken.250703v2.dld","13055","Ai1"
"TIMESTAMP","RECORD","BatteryVoltage","InternalTemperature","InternalHumidity","CurrentAverage","CurrentMaximum","ProcessingTime","SerialNumber","DataloggerOSVersion","Ai1OSVersion","ProgramSignature","ProgramCounter","StartUpCode","WatchdogErrors","SkippedScans","MemoryFree","CellUsageToday","CellUsageThisMonth","CellRSSI","CellNetBand","Latitude","Longitude","GPSSatellitesInView","Pressure_mH2O","ReadAttempts_Max"
"TS","RN","Volts","°C","%","mA (-=Charge, +=Discharge)","mA (-=Charge, +=Discharge)","µS","","","","(0-65535)","Cycles","(0=Ok, -1=Power, -2=Watchdog)","Errors Since Compile","Scans Skipped","Bytes","kB","kB","dBm","","Decimal Degrees (N=+,S=-)","Decimal Degrees (E=+,W=-)","GPS Satellites visible","mH2O",""
"","","Smp","Smp","Smp","Avg:mA","Max:mA","Smp","Smp","Smp","Smp","Smp:0-65535)","Smp","Smp:0=Ok","Smp:Watchdog Errors Since Compile","Smp:Scans Skipped","Smp:Bytes","Smp:kB","Smp:kB","Smp:dBm","Smp:band","Smp","Smp","Smp","Smp","Max"
"2025-07-03 08:00:00",0,13.39,26.96,25,-0.07,0,204,36594,11.02,0.75,13055,717,0,0,0,27008,103.7,457,-81,13,"NAN","NAN",0,-0.042,0
"2025-07-03 09:00:00",1,13.48,25.69,23,-50.13,-50,211,36594,11.02,0.75,13055,1437,0,0,1,27008,120.2,473,-73,4,44.03725,-68.88817,4,-0.042,1
"2025-07-03 10:00:00",2,13.57,25.32,23,-143.2,-143,204,36594,11.02,0.75,13055,2157,0,0,2,27008,167.3,520,-83,13,44.03724,-68.88815,5,-0.042,1
"2025-07-03 11:00:00",3,13.45,28.42,23,-254.7,-27,203,36594,11.02,0.75,13055,2877,0,0,3,27008,229.4,582,-71,4,44.23893,-68.97016,5,-0.042,1
"2025-07-03 12:00:00",4,13.45,28.33,23,-27,-27,211,36594,11.02,0.75,13055,3597,0,0,4,27008,339.5,693,-69,4,44.31817,-68.92726,5,-0.041,1
"2025-07-03 13:00:00",5,13.47,27.73,23,-30.08,-30,204,36594,11.02,0.75,13055,4317,0,0,5,27008,403.6,757,-69,4,44.31816,-68.92727,5,-0.041,1
"2025-07-03 14:00:00",6,13.53,29.07,23,-90.1,-90,204,36594,11.02,0.75,13055,5037,0,0,6,27008,468.1,821,-73,4,44.31818,-68.92737,4,-0.041,1
"2025-07-03 15:00:00",7,13.44,27.22,23,-146.8,2,203,36594,11.02,0.75,13055,5757,0,0,7,27008,531.1,884,-65,4,44.3182,-68.92737,4,-0.041,1
"2025-07-03 16:00:00",8,13.36,25.01,24,2.107,79,210,36594,11.02,0.75,13055,6477,0,0,8,27008,594.8,948,-69,4,44.31816,-68.92735,5,-0.041,1
"2025-07-03 17:00:00",9,13.35,23.97,24,79.09,141,203,36594,11.02,0.75,13055,7197,0,0,9,27008,658.3,1011,-69,4,44.31816,-68.92735,5,-0.041,1
"2025-07-03 18:00:00",10,13.31,23.08,24,141,156,204,36594,11.02,0.75,13055,7917,0,0,10,27008,725.3,1078,-69,4,44.31803,-68.92745,4,-0.057,1
"2025-07-03 19:00:00",11,13.35,23.43,24,155.9,156,204,36594,11.02,0.75,13055,8637,0,0,11,27008,786.7,1140,-61,4,44.31809,-68.92741,5,-0.057,1
"2025-07-03 20:00:00",12,13.34,24.07,24,103.1,149,204,36594,11.02,0.75,13055,9357,0,0,12,27008,852,1205,-61,4,44.31807,-68.92747,4,-0.057,1
"2025-07-03 21:00:00",13,13.26,22.18,24,149.1,185,204,36594,11.02,0.75,13055,10077,0,0,13,27008,955,1308,-67,4,44.31805,-68.92741,4,-0.057,1
"2025-07-03 22:00:00",14,13.27,21.59,24,184.9,185,204,36594,11.02,0.75,13055,10797,0,0,14,27008,1081,1434,-53,13,44.31804,-68.92739,4,-0.047,1
"2025-07-03 23:00:00",15,13.23,20.85,25,146.1,192,211,36594,11.02,0.75,13055,11517,0,0,15,27008,1149,1502,-67,4,44.31804,-68.92732,4,-0.047,1
"2025-07-04 00:00:00",16,13.25,21.03,24,192,192,203,36594,11.02,0.75,13055,12237,0,0,16,27008,0.012,1569,-69,4,44.31819,-68.92722,4,-0.04,1
"2025-07-04 01:00:00",17,13.25,20.95,24,178,178,204,36594,11.02,0.75,13055,12957,0,0,17,27008,67.22,1637,-69,4,44.31802,-68.92732,4,-0.034,1
"2025-07-04 02:00:00",18,13.24,20.78,24,145,171,203,36594,11.02,0.75,13055,13677,0,0,18,27008,139.1,1709,-65,4,44.31802,-68.92745,5,-0.032,1
"2025-07-04 03:00:00",19,13.25,20.92,25,170.9,171,204,36594,11.02,0.75,13055,14397,0,0,19,27008,207.8,1777,-67,4,44.31799,-68.92744,4,-0.029,1
"2025-07-04 04:00:00",20,13.25,20.78,25,128,132,203,36594,11.02,0.75,13055,15117,0,0,20,27008,276.5,1846,-73,4,44.31811,-68.92725,4,-0.029,1
"2025-07-04 05:00:00",21,13.24,20.04,24,132,132,211,36594,11.02,0.75,13055,15837,0,0,21,27008,342.5,1912,-75,4,44.31818,-68.92738,4,-0.029,1
"2025-07-04 06:00:00",22,13.26,21.09,24,120.1,163,210,36594,11.02,0.75,13055,16557,0,0,22,27008,404.4,1974,-67,4,44.31816,-68.92731,5,-0.028,1
"2025-07-04 07:00:00",23,13.42,23.27,24,162.8,163,204,36594,11.02,0.75,13055,17277,0,0,23,27008,467.1,2037,-69,4,44.3181,-68.92735,5,-0.028,1
"2025-07-04 08:00:00",24,13.46,23.85,24,8.97,9,210,36594,11.02,0.75,13055,17997,0,0,24,27008,524.4,2094,-63,4,44.31804,-68.92735,4,-0.022,1
"2025-07-04 09:00:00",25,13.5,24.43,24,-12.04,-12,204,36594,11.02,0.75,13055,18717,0,0,25,27008,585.7,2155,-71,4,44.31803,-68.92732,4,-0.019,1
"2025-07-04 10:00:00",26,13.5,24.5,23,-42.93,9,204,36594,11.02,0.75,13055,19437,0,0,26,27008,643,2212,-67,4,44.31804,-68.92736,4,-0.011,1
"2025-07-04 11:00:00",27,13.51,25.21,23,8.99,9,211,36594,11.02,0.75,13055,20157,0,0,27,27008,703.2,2273,-71,4,44.31805,-68.92734,4,-0.003,1
"2025-07-04 12:00:00",28,13.62,24.79,23,5.129,98,203,36594,11.02,0.75,13055,20877,0,0,28,27008,765,2334,-67,4,44.31799,-68.92737,4,0,1
"2025-07-04 13:00:00",29,13.62,25.27,24,98,98,203,36594,11.02,0.75,13055,21597,0,0,29,27008,832,2402,-65,4,44.31799,-68.92737,4,0.007,1
"2025-07-04 14:00:00",30,13.61,25.53,24,63.05,97,203,36594,11.02,0.75,13055,22317,0,0,30,27008,895,2465,-65,4,44.31799,-68.92735,5,0.008,1
"2025-07-04 15:00:00",31,13.6,25.72,24,97,97,204,36594,11.02,0.75,13055,23037,0,0,31,27008,955,2524,-65,4,44.31805,-68.92728,4,0.011,1
"2025-07-04 16:00:00",32,13.59,26.65,24,95,95,204,36594,11.02,0.75,13055,23757,0,0,32,27008,1018,2587,-69,4,44.3181,-68.9273,4,0.011,1
"2025-07-04 17:00:00",33,13.59,25.62,24,82,94,204,36594,11.02,0.75,13055,24477,0,0,33,27008,1083,2652,-67,4,44.31807,-68.92731,4,0.015,1
"2025-07-04 18:00:00",34,13.59,24.44,24,94,94,212,36594,11.02,0.75,13055,25197,0,0,34,27008,1145,2715,-63,4,44.31807,-68.92731,4,0.016,1
"2025-07-04 19:00:00",35,13.59,23.76,24,82,107,204,36594,11.02,0.75,13055,25917,0,0,35,27008,1211,2780,-67,4,44.31806,-68.92737,5,0.019,1
"2025-07-04 20:00:00",36,13.46,21.92,25,107.1,150,203,36594,11.02,0.75,13055,26637,0,0,36,27008,1271,2841,-63,4,44.31806,-68.9274,5,0.019,1
"2025-07-04 21:00:00",37,13.3,21.49,24,150,152,203,36594,11.02,0.75,13055,27357,0,0,37,27008,1334,2903,-57,13,44.31805,-68.92739,4,0.02,1
"2025-07-04 22:00:00",38,13.26,20.82,24,152,156,203,36594,11.02,0.75,13055,28077,0,0,38,27008,1396,2966,-61,13,44.31805,-68.92735,4,0.026,1
"2025-07-04 23:00:00",39,13.22,19.87,25,156,187,211,36594,11.02,0.75,13055,28797,0,0,39,27008,1459,3029,-67,4,44.31803,-68.92738,4,0.031,1
"2025-07-05 00:00:00",40,13.25,19.78,25,187,187,203,36594,11.02,0.75,13055,29517,0,0,40,27008,0.011,3091,-55,13,44.31803,-68.92748,5,0.033,1
"2025-07-05 01:00:00",41,13.24,19.89,25,160,160,204,36594,11.02,0.75,13055,30237,0,0,41,27008,65.11,3156,-71,4,44.318,-68.92748,4,0.036,1
"2025-07-05 02:00:00",42,13.24,19.21,25,157,157,204,36594,11.02,0.75,13055,30957,0,0,42,27008,125.1,3216,-71,4,44.31807,-68.92729,5,0.038,1
"2025-07-05 03:00:00",43,13.24,20.01,25,141,145,203,36594,11.02,0.75,13055,31677,0,0,43,27008,187.6,3278,-63,4,44.31809,-68.92729,4,0.039,1
"2025-07-05 04:00:00",44,13.22,20.22,25,145.1,189,204,36594,11.02,0.75,13055,32397,0,0,44,27008,253.2,3344,-63,4,44.31809,-68.92726,5,0.039,1
"2025-07-05 05:00:00",45,13.24,20.18,25,188.9,189,204,36594,11.02,0.75,13055,33117,0,0,45,27008,318.3,3409,-67,4,44.31811,-68.92728,6,0.039,1
"2025-07-05 06:00:00",46,13.34,22.08,24,151.9,152,204,36594,11.02,0.75,13055,33837,0,0,46,27008,396.9,3488,-69,4,44.31811,-68.92731,4,0.039,1
"2025-07-05 07:00:00",47,13.44,23.9,24,85.9,86,204,36594,11.02,0.75,13055,34557,0,0,47,27008,460.7,3552,-67,4,44.31808,-68.92732,4,0.039,1
"2025-07-05 08:00:00",48,13.48,25.33,24,-11.03,-11,204,36594,11.02,0.75,13055,35277,0,0,48,27008,524.6,3615,-67,4,44.31805,-68.92733,4,0.043,1
"2025-07-05 09:00:00",49,13.66,25.1,24,-35.74,148,204,36594,11.02,0.75,13055,35997,0,0,49,27008,587.3,3678,-69,4,44.31813,-68.92732,4,0.048,1
"2025-07-05 10:00:00",50,13.55,28.99,24,147.9,148,204,36594,11.02,0.75,13055,36717,0,0,50,27008,647.2,3738,-63,4,44.31805,-68.92738,4,0.055,1
"2025-07-05 11:00:00",51,13.54,29.45,24,106,106,204,36594,11.02,0.75,13055,37437,0,0,51,27008,707,3798,-53,13,44.31799,-68.92738,4,0.06,1
"2025-07-05 12:00:00",52,13.51,30.62,24,79.03,101,203,36594,11.02,0.75,13055,38157,0,0,52,27008,784.6,3875,-63,4,44.31802,-68.92739,4,0.061,1
"2025-07-05 13:00:00",53,13.47,32.1,25,101,102,203,36594,11.02,0.75,13055,38877,0,0,53,27008,849,3939,-73,4,44.31801,-68.92738,5,0.074,1
"2025-07-05 14:00:00",54,13.48,28.91,24,102,102,204,36594,11.02,0.75,13055,39597,0,0,54,27008,913,4004,-73,4,44.31809,-68.92736,5,0.074,1
"2025-07-05 15:00:00",55,13.52,27.93,24,72.96,73,203,36594,11.02,0.75,13055,40317,0,0,55,27008,976,4066,-67,4,44.31817,-68.92737,4,0.074,1
"2025-07-05 16:00:00",56,13.55,26.68,24,43.05,76,204,36594,11.02,0.75,13055,41037,0,0,56,27008,1067,4157,-81,4,44.31816,-68.92738,4,0.074,1
"2025-07-05 17:00:00",57,13.57,25.28,24,75.99,76,203,36594,11.02,0.75,13055,41757,0,0,57,27008,1133,4224,-71,4,44.31816,-68.92741,4,0.074,1
"2025-07-05 18:00:00",58,13.59,25.1,24,69.97,70,203,36594,11.02,0.75,13055,42477,0,0,58,27008,1195,4286,-89,4,44.31816,-68.92744,4,0.058,1
"2025-07-05 19:00:00",59,13.58,24.88,24,47.03,65,203,36594,11.02,0.75,13055,43197,0,0,59,27008,1253,4344,-67,4,44.31817,-68.92738,4,0.058,1
"2025-07-05 20:00:00",60,13.43,22.66,25,65.09,132,203,36594,11.02,0.75,13055,43917,0,0,60,27008,1316,4407,-67,4,44.31817,-68.92738,4,0.058,1
"2025-07-05 21:00:00",61,13.31,21.82,25,132,149,211,36594,11.02,0.75,13055,44637,0,0,61,27008,1376,4467,-67,4,44.31809,-68.92735,4,0.058,1
"2025-07-05 22:00:00",62,13.24,21.24,25,149,161,203,36594,11.02,0.75,13055,45357,0,0,62,27008,1437,4528,-67,4,44.31807,-68.92738,7,0.044,1
"2025-07-05 23:00:00",63,13.23,21.16,25,161,161,204,36594,11.02,0.75,13055,46077,0,0,63,27008,1502,4593,-69,4,44.31812,-68.92732,4,0.043,1
"2025-07-06 00:00:00",64,13.25,21.06,25,150.9,151,203,36594,11.02,0.75,13055,46797,0,0,64,27008,0.011,4658,-75,4,44.31817,-68.9274,5,0.043,1
"2025-07-06 01:00:00",65,13.22,20.62,25,114.1,152,203,36594,11.02,0.75,13055,47517,0,0,65,27008,62.57,4720,-67,4,"NAN","NAN",4,0.043,1
"2025-07-06 02:00:00",66,13.24,20.13,25,151.9,152,204,36594,11.02,0.75,13055,48237,0,0,66,27008,125.4,4783,-71,4,44.3182,-68.92742,4,0.043,1
"2025-07-06 03:00:00",67,13.24,19.91,25,101,117,204,36594,11.02,0.75,13055,48957,0,0,67,27008,187.2,4845,-75,4,44.3182,-68.92735,5,0.043,1
"2025-07-06 04:00:00",68,13.23,19.95,25,117,123,204,36594,11.02,0.75,13055,49677,0,0,68,27008,247.6,4905,-75,4,44.31823,-68.9274,4,0.018,1
"2025-07-06 05:00:00",69,13.21,19.81,25,123.1,166,210,36594,11.02,0.75,13055,50397,0,0,69,27008,310.4,4968,-69,4,44.31808,-68.92735,5,0.018,1
"2025-07-06 06:00:00",70,13.28,20.67,25,165.9,166,204,36594,11.02,0.75,13055,51117,0,0,70,27008,369.8,5027,-71,4,44.31819,-68.92736,4,0.012,1
"2025-07-06 07:00:00",71,13.43,22.83,24,90.8,91,211,36594,11.02,0.75,13055,51837,0,0,71,27008,430.2,5088,-69,4,44.31817,-68.92738,4,0.012,1
"2025-07-06 08:00:00",72,13.46,25.02,24,-24,-23,204,36594,11.02,0.75,13055,52557,0,0,72,27008,488.2,5146,-61,4,"NAN","NAN",4,0.012,1
"2025-07-06 09:00:00",73,13.43,26.67,24,-22.76,149,203,36594,11.02,0.75,13055,53277,0,0,73,27008,548.9,5206,-69,4,44.31814,-68.92734,5,0.019,1
"2025-07-06 10:00:00",74,13.51,27.18,25,148.9,149,204,36594,11.02,0.75,13055,53997,0,0,74,27008,604.4,5262,-73,4,44.31809,-68.92731,4,0.022,1
"2025-07-06 11:00:00",75,13.54,27.01,25,110.9,111,204,36594,11.02,0.75,13055,54717,0,0,75,27008,663.9,5321,-65,4,44.31808,-68.92734,6,0.022,1
"2025-07-06 12:00:00",76,13.57,26.05,25,48.99,49,211,36594,11.02,0.75,13055,55437,0,0,76,27008,723,5381,-69,4,"NAN","NAN",4,0.022,1
"2025-07-06 13:00:00",77,13.57,25.25,24,40,43,204,36594,11.02,0.75,13055,56157,0,0,77,27008,777.2,5435,-69,4,44.31815,-68.92733,4,0.022,1
"2025-07-06 14:00:00",78,13.57,26.08,25,43.01,49,203,36594,11.02,0.75,13055,56877,0,0,78,27008,834,5491,-65,4,44.31815,-68.92729,4,0.022,1
"2025-07-06 15:00:00",79,13.57,26.19,24,49,51,210,36594,11.02,0.75,13055,57597,0,0,79,27008,888,5546,-75,4,44.31817,-68.92728,4,0.022,1
"2025-07-06 16:00:00",80,13.57,27.57,25,50.99,51,203,36594,11.02,0.75,13055,58317,0,0,80,27008,942,5600,-67,4,44.3182,-68.92737,4,0.01,1
"2025-07-06 17:00:00",81,13.53,29.11,25,42.04,68,203,36594,11.02,0.75,13055,59037,0,0,81,27008,998,5655,-77,4,44.3182,-68.92738,4,0.009,1
"2025-07-06 18:00:00",82,13.54,29.81,25,67.96,68,204,36594,11.02,0.75,13055,59757,0,0,82,27008,1052,5710,-75,4,44.31819,-68.92738,5,-0.002,1
"2025-07-06 19:00:00",83,13.53,28.4,24,42.04,72,211,36594,11.02,0.75,13055,60477,0,0,83,27008,1102,5759,-69,4,44.31832,-68.92738,4,-0.002,1
"2025-07-06 20:00:00",84,13.43,24.65,25,72.05,106,203,36594,11.02,0.75,13055,61197,0,0,84,27008,1159,5817,-73,4,44.3182,-68.92739,4,-0.002,1
"2025-07-06 21:00:00",85,13.3,22.66,25,106,135,203,36594,11.02,0.75,13055,61917,0,0,85,27008,1215,5873,-67,4,44.31816,-68.92744,5,-0.002,1
"2025-07-06 22:00:00",86,13.26,22.03,25,135,135,204,36594,11.02,0.75,13055,62637,0,0,86,27008,1273,5931,-69,4,44.31812,-68.92738,4,-0.006,1
"2025-07-06 23:00:00",87,13.25,21.23,25,127,127,210,36594,11.02,0.75,13055,63357,0,0,87,27008,1333,5990,-71,4,44.31818,-68.92739,5,-0.008,1
"2025-07-07 00:00:00",88,13.25,21.66,25,124,145,204,36594,11.02,0.75,13055,64077,0,0,88,27008,0.012,6049,-89,4,44.31815,-68.92751,5,-0.008,1
"2025-07-07 01:00:00",89,13.25,21.44,25,145,145,204,36594,11.02,0.75,13055,64797,0,0,89,27008,55.83,6105,-65,4,44.318,-68.92738,4,-0.006,1
"2025-07-07 02:00:00",90,13.24,21.45,25,138,143,204,36594,11.02,0.75,13055,65517,0,0,90,27008,113.9,6163,-67,4,44.318,-68.92744,6,0.002,1
"2025-07-07 03:00:00",91,13.24,21.48,26,143,143,210,36594,11.02,0.75,13055,66237,0,0,91,27008,169.7,6219,-69,4,44.31799,-68.92738,5,0.006,1
"2025-07-07 04:00:00",92,13.24,21.6,26,109,109,204,36594,11.02,0.75,13055,66957,0,0,92,27008,252.3,6301,-77,4,44.31817,-68.92734,4,0.006,1
"2025-07-07 05:00:00",93,13.22,21.11,26,107.1,158,204,36594,11.02,0.75,13055,67677,0,0,93,27008,313.9,6363,-73,4,44.31813,-68.92744,5,0.006,1
"2025-07-07 06:00:00",94,13.3,22.04,25,157.9,158,204,36594,11.02,0.75,13055,68397,0,0,94,27008,409.4,6458,-75,4,44.31817,-68.92744,4,0.009,1
"2025-07-07 07:00:00",95,13.48,25.63,25,91.7,92,203,36594,11.02,0.75,13055,69117,0,0,95,27008,460.5,6509,-75,4,44.32021,-68.92839,4,0.009,1
"2025-07-07 08:00:00",96,13.51,28.52,25,-94,-94,204,36594,11.02,0.75,13055,69837,0,0,96,27008,531.7,6581,-75,4,44.31817,-68.92741,4,0.011,1
"2025-07-07 09:00:00",97,13.58,25.35,25,-120.6,187,203,36594,11.02,0.75,13055,70557,0,0,97,27008,584.8,6634,-67,4,44.31816,-68.92741,5,0.025,1
"2025-07-07 10:00:00",98,13.57,26.77,24,186.9,187,203,36594,11.02,0.75,13055,71277,0,0,98,27008,637.7,6687,-71,4,44.31807,-68.92737,4,0.027,1
"2025-07-07 11:00:00",99,13.57,27.83,24,84,87,204,36594,11.02,0.75,13055,71997,0,0,99,27008,702.4,6751,-71,4,44.31796,-68.92725,4,0.027,1
"2025-07-07 12:00:00",100,13.57,26.39,24,87,87,203,36594,11.02,0.75,13055,72717,0,0,100,27008,761.4,6810,-73,4,44.31806,-68.92736,5,0.027,1
"2025-07-07 13:00:00",101,13.56,27.1,25,78,79,204,36594,11.02,0.75,13055,73437,0,0,101,27008,820,6869,-69,4,44.31803,-68.92733,4,0.027,1
"2025-07-07 14:00:00",102,13.52,27.48,25,79.1,150,203,36594,11.02,0.75,13055,74157,0,0,102,27008,886,6935,-71,4,44.31807,-68.92727,4,0.027,1
"2025-07-07 15:00:00",103,13.56,27.1,25,149.9,150,211,36594,11.02,0.75,13055,74877,0,0,103,27008,947,6996,-71,4,44.31815,-68.9274,4,0.027,1
"2025-07-07 16:00:00",104,13.56,27.18,25,74,74,204,36594,11.02,0.75,13055,75597,0,0,104,27008,1006,7055,-67,4,44.31818,-68.92741,4,0.013,1
"2025-07-07 17:00:00",105,13.57,27.17,25,71.98,72,203,36594,11.02,0.75,13055,76317,0,0,105,27008,1062,7111,-79,4,44.31813,-68.92751,4,0.013,1
"2025-07-07 18:00:00",106,13.56,28.02,25,61,64,203,36594,11.02,0.75,13055,77037,0,0,106,27008,1123,7172,-71,4,44.3182,-68.92742,4,0.009,1
"2025-07-07 19:00:00",107,13.51,26.03,25,64.07,116,204,36594,11.02,0.75,13055,77757,0,0,107,27008,1178,7227,-69,4,44.3182,-68.92742,4,0.009,1
"2025-07-07 20:00:00",108,13.4,24.11,26,116,131,203,36594,11.02,0.75,13055,78477,0,0,108,27008,1240,7289,-65,4,44.3182,-68.92742,4,0.009,1
"2025-07-07 21:00:00",109,13.28,22.78,26,131,131,204,36594,11.02,0.75,13055,79197,0,0,109,27008,1302,7351,-71,4,44.31809,-68.92728,4,0.009,1
"2025-07-07 22:00:00",110,13.26,22.8,26,125,125,204,36594,11.02,0.75,13055,79917,0,0,110,27008,1365,7414,-77,4,44.31816,-68.92744,4,-0.012,1
"2025-07-07 23:00:00",111,13.26,22.69,26,117,117,204,36594,11.02,0.75,13055,80637,0,0,111,27008,1425,7474,-79,4,44.31816,-68.9274,4,-0.012,1
"2025-07-08 00:00:00",112,13.23,22.96,26,115.1,169,211,36594,11.02,0.75,13055,81357,0,0,112,27008,0.011,7531,-75,4,44.31818,-68.92736,4,-0.012,1
"2025-07-08 01:00:00",113,13.24,22.86,26,168.9,169,204,36594,11.02,0.75,13055,82077,0,0,113,27008,54.91,7586,-71,4,44.31817,-68.92747,4,-0.005,1
"2025-07-08 02:00:00",114,13.25,22.74,26,129,129,204,36594,11.02,0.75,13055,82797,0,0,114,27008,176.9,7708,-77,4,44.31817,-68.92741,4,-0.004,1
"2025-07-08 03:00:00",115,13.24,22.45,26,100,125,203,36594,11.02,0.75,13055,83517,0,0,115,27008,242.5,7774,-71,4,44.3182,-68.92735,4,-0.004,1
"2025-07-08 04:00:00",116,13.24,22.2,26,125,130,203,36594,11.02,0.75,13055,84237,0,0,116,27008,296.8,7828,-71,4,44.31813,-68.92749,5,-0.004,1
"2025-07-08 05:00:00",117,13.24,21.59,26,130,130,204,36594,11.02,0.75,13055,84957,0,0,117,27008,362.9,7894,-71,4,44.31807,-68.92734,5,-0.003,1
"2025-07-08 06:00:00",118,13.24,21.6,26,128,128,211,36594,11.02,0.75,13055,85677,0,0,118,27008,422.1,7953,-69,4,44.31817,-68.9275,4,-0.003,1
"2025-07-08 07:00:00",119,13.25,21.35,26,115.1,151,204,36594,11.02,0.75,13055,86397,0,0,119,27008,477.2,8008,-67,4,44.31816,-68.92741,4,-0.003,1
"2025-07-08 08:00:00",120,13.3,21.52,26,150.9,151,203,36594,11.02,0.75,13055,87117,0,0,120,27008,530.8,8062,-67,4,44.31815,-68.92744,4,-0.003,1
"2025-07-08 09:00:00",121,13.33,22.46,26,110,112,212,36594,11.02,0.75,13055,87837,0,0,121,27008,587.8,8119,-67,4,44.31808,-68.92749,5,0.011,1
"2025-07-08 10:00:00",122,13.33,22.89,26,112,115,204,36594,11.02,0.75,13055,88557,0,0,122,27008,642.8,8174,-67,4,44.31797,-68.92747,4,0.011,1
"2025-07-08 11:00:00",123,13.42,23.58,26,114.9,115,204,36594,11.02,0.75,13055,89277,0,0,123,27008,697.8,8229,-61,4,44.31804,-68.92746,5,0.015,1
"2025-07-08 12:00:00",124,13.43,23.39,26,32.97,33,203,36594,11.02,0.75,13055,89997,0,0,124,27008,757.5,8289,-73,4,44.31804,-68.92746,5,0.015,1
"2025-07-08 13:00:00",125,13.41,23.29,26,11.07,64,204,36594,11.02,0.75,13055,90717,0,0,125,27008,824,8355,-71,4,44.31804,-68.92746,5,0.019,1
"2025-07-08 14:00:00",126,13.58,25.14,25,63.83,64,204,36594,11.02,0.75,13055,91437,0,0,126,27008,886,8417,-67,4,44.31804,-68.92744,5,0.019,1
"2025-07-08 15:00:00",127,13.57,25.21,25,-59.78,98,211,36594,11.02,0.75,13055,92157,0,0,127,27008,944,8475,-69,4,44.31799,-68.92746,5,0.022,1
"2025-07-08 16:00:00",128,13.57,25.99,25,98,98,204,36594,11.02,0.75,13055,92877,0,0,128,27008,1003,8535,-63,4,44.31799,-68.92744,4,0.023,1
"2025-07-08 17:00:00",129,13.52,25.51,26,92.1,186,203,36594,11.02,0.75,13055,93597,0,0,129,27008,1061,8592,-69,4,44.31797,-68.92735,5,0.024,1
"2025-07-08 18:00:00",130,13.63,25.59,25,185.9,186,210,36594,11.02,0.75,13055,94317,0,0,130,27008,1122,8654,-69,4,44.31799,-68.92739,5,0.027,1
"2025-07-08 19:00:00",131,13.6,24.97,26,92,103,211,36594,11.02,0.75,13055,95037,0,0,131,27008,1182,8713,-55,13,44.31802,-68.92744,4,0.024,1
"2025-07-08 20:00:00",132,13.63,23.27,26,103,103,204,36594,11.02,0.75,13055,95757,0,0,132,27008,1247,8778,-63,4,44.31812,-68.92753,4,0.027,1
"2025-07-08 21:00:00",133,13.37,21.03,26,96.1,144,204,36594,11.02,0.75,13055,96477,0,0,133,27008,1308,8840,-65,4,44.31811,-68.92745,4,0.027,1
"2025-07-08 22:00:00",134,13.28,20.41,26,144,146,203,36594,11.02,0.75,13055,97197,0,0,134,27008,1366,8897,-67,4,44.31806,-68.92735,6,0.034,1
"2025-07-08 23:00:00",135,13.22,20.35,26,146.1,184,203,36594,11.02,0.75,13055,97917,0,0,135,27008,1425,8956,-65,4,44.31798,-68.9274,5,0.035,1
"2025-07-09 00:00:00",136,13.22,19.61,26,184,184,204,36594,11.02,0.75,13055,98637,0,0,136,27008,0.171,9012,-71,4,44.31808,-68.92733,4,0.035,1
"2025-07-09 01:00:00",137,13.24,19.32,26,178.9,179,203,36594,11.02,0.75,13055,99357,0,0,137,27008,56.4,9068,-75,4,44.3181,-68.92749,4,0.037,1
"2025-07-09 02:00:00",138,13.21,19.57,26,138,156,203,36594,11.02,0.75,13055,100077,0,0,138,27008,115,9127,-73,4,44.31803,-68.92738,6,0.037,1
"2025-07-09 03:00:00",139,13.24,19.65,26,155.9,156,203,36594,11.02,0.75,13055,100797,0,0,139,27008,173.8,9185,-69,4,44.31819,-68.92744,7,0.037,1
"2025-07-09 04:00:00",140,13.23,19.67,26,119.1,165,204,36594,11.02,0.75,13055,101517,0,0,140,27008,237.6,9249,-79,4,44.31804,-68.92734,4,0.035,1
"2025-07-09 05:00:00",141,13.23,19.97,26,165,165,203,36594,11.02,0.75,13055,102237,0,0,141,27008,306.7,9318,-65,4,"NAN","NAN",4,0.035,1
"2025-07-09 06:00:00",142,13.26,20.1,26,156,156,203,36594,11.02,0.75,13055,102957,0,0,142,27008,365.5,9377,-55,13,44.31794,-68.92741,5,0.035,1
"2025-07-09 07:00:00",143,13.33,20.91,26,132.9,133,204,36594,11.02,0.75,13055,103677,0,0,143,27008,423.1,9435,-67,4,44.31804,-68.92751,6,0.037,1
"2025-07-09 08:00:00",144,13.5,22.13,26,88.7,89,204,36594,11.02,0.75,13055,104397,0,0,144,27008,482.5,9494,-67,4,44.31806,-68.92751,6,0.038,1
"2025-07-09 09:00:00",145,13.55,26.53,25,-133.9,-82,203,36594,11.02,0.75,13055,105117,0,0,145,27008,533.7,9545,-67,4,44.31816,-68.92742,5,0.039,1
"2025-07-09 10:00:00",146,13.54,27.39,25,-81.8,84,203,36594,11.02,0.75,13055,105837,0,0,146,27008,590.3,9602,-67,4,"NAN","NAN",4,0.053,1
"2025-07-09 11:00:00",147,13.53,28.69,25,84,94,204,36594,11.02,0.75,13055,106557,0,0,147,27008,647.7,9659,-59,4,"NAN","NAN",4,0.057,1
"2025-07-09 12:00:00",148,13.54,26.97,25,94,94,204,36594,11.02,0.75,13055,107277,0,0,148,27008,701,9713,-73,4,44.318,-68.92736,5,0.057,1
"2025-07-09 13:00:00",149,13.57,26.46,26,76.01,81,210,36594,11.02,0.75,13055,107997,0,0,149,27008,757.3,9769,-71,4,"NAN","NAN",4,0.057,1
"2025-07-09 14:00:00",150,13.57,25.83,26,81,81,204,36594,11.02,0.75,13055,108717,0,0,150,27008,817,9828,-67,4,"NAN","NAN",4,0.057,1
"2025-07-09 15:00:00",151,13.57,26.25,26,79.98,80,204,36594,11.02,0.75,13055,109437,0,0,151,27008,875,9886,-69,4,"NAN","NAN",4,0.057,1
"2025-07-09 16:00:00",152,13.57,26.33,25,65.01,75,211,36594,11.02,0.75,13055,110157,0,0,152,27008,928,9939,-63,4,"NAN","NAN",4,0.052,1
"2025-07-09 17:00:00",153,13.55,26.14,25,75.04,103,204,36594,11.02,0.75,13055,110877,0,0,153,27008,986,9998,-71,4,44.31811,-68.92735,4,0.052,1
"2025-07-09 18:00:00",154,13.58,24.63,26,103,103,203,36594,11.02,0.75,13055,111597,0,0,154,27008,1048,10059,-63,4,"NAN","NAN",4,0.052,1
"2025-07-09 19:00:00",155,13.6,23.51,26,81,82,203,36594,11.02,0.75,13055,112317,0,0,155,27008,1110,10122,-73,4,44.31816,-68.92741,6,0.052,1
"2025-07-09 20:00:00",156,13.4,21.45,26,82.1,130,211,36594,11.02,0.75,13055,113037,0,0,156,27008,1176,10187,-73,4,44.31819,-68.92726,5,0.035,1
"2025-07-09 21:00:00",157,13.29,20.87,27,130,130,203,36594,11.02,0.75,13055,113757,0,0,157,27008,1238,10249,-73,4,44.31819,-68.92736,4,0.035,1
"2025-07-09 22:00:00",158,13.25,20.63,27,130,139,203,36594,11.02,0.75,13055,114477,0,0,158,27008,1310,10321,-69,4,"NAN","NAN",4,0.035,1
"2025-07-09 23:00:00",159,13.22,20.63,26,139,149,212,36594,11.02,0.75,13055,115197,0,0,159,27008,1374,10385,-67,4,44.31805,-68.92744,4,0.035,1
"2025-07-10 00:00:00",160,13.24,20.24,27,149,149,204,36594,11.02,0.75,13055,115917,0,0,160,27008,0.012,10447,-81,4,44.31809,-68.92747,4,0.035,1
"2025-07-10 01:00:00",161,13.24,19.99,27,113,118,204,36594,11.02,0.75,13055,116637,0,0,161,27008,61.94,10509,-67,4,44.31805,-68.92744,4,0.035,1
"2025-07-10 02:00:00",162,13.21,19.97,27,118,152,204,36594,11.02,0.75,13055,117357,0,0,162,27008,128.7,10576,-71,4,"NAN","NAN",4,0.034,1
"2025-07-10 03:00:00",163,13.24,19.79,27,152,152,203,36594,11.02,0.75,13055,118077,0,0,163,27008,194.2,10641,-71,4,"NAN","NAN",4,0.034,1
"2025-07-10 04:00:00",164,13.2,19.55,27,135.1,193,204,36594,11.02,0.75,13055,118797,0,0,164,27008,261.5,10708,-71,4,44.31822,-68.92713,7,0.034,1
"2025-07-10 05:00:00",165,13.23,19.37,27,192.9,193,203,36594,11.02,0.75,13055,119517,0,0,165,27008,334.6,10782,-79,4,44.31804,-68.92728,4,0.035,1
"2025-07-10 06:00:00",166,13.24,19.58,27,143.9,144,210,36594,11.02,0.75,13055,120237,0,0,166,27008,402.9,10850,-75,4,44.31803,-68.92735,5,0.035,1
"2025-07-10 07:00:00",167,13.26,19.99,26,97,103,204,36594,11.02,0.75,13055,120957,0,0,167,27008,471.5,10919,-73,4,44.31816,-68.92744,5,0.037,1
"2025-07-10 08:00:00",168,13.29,19.97,26,103,103,204,36594,11.02,0.75,13055,121677,0,0,168,27008,535.9,10983,-57,4,44.3182,-68.92738,7,0.039,1
"2025-07-10 09:00:00",169,13.4,21.69,26,72.9,73,204,36594,11.02,0.75,13055,122397,0,0,169,27008,595.3,11042,-73,4,44.31829,-68.92728,4,0.041,1
"2025-07-10 10:00:00",170,13.4,23.6,26,2.025,20,204,36594,11.02,0.75,13055,123117,0,0,170,27008,656.4,11103,-67,4,44.31814,-68.92741,4,0.051,1
"2025-07-10 11:00:00",171,13.41,23.91,26,19.99,20,204,36594,11.02,0.75,13055,123837,0,0,171,27008,714.2,11161,-57,4,44.31816,-68.92739,4,0.051,1
"2025-07-10 12:00:00",172,13.4,23.03,26,13.07,60,204,36594,11.02,0.75,13055,124557,0,0,172,27008,780.2,11227,-69,4,44.31807,-68.92747,4,0.053,1
"2025-07-10 13:00:00",173,13.46,22.98,26,59.95,60,211,36594,11.02,0.75,13055,125277,0,0,173,27008,841,11288,-73,4,44.31808,-68.92747,5,0.059,1
"2025-07-10 14:00:00",174,13.65,24.44,26,26.06,69,204,36594,11.02,0.75,13055,125997,0,0,174,27008,910,11357,-73,4,44.31805,-68.9274,4,0.059,1
"2025-07-10 15:00:00",175,13.62,24.25,26,68.99,69,204,36594,11.02,0.75,13055,126717,0,0,175,27008,970,11417,-71,4,44.31807,-68.92738,5,0.062,1
"2025-07-10 16:00:00",176,13.62,23.83,26,64,65,203,36594,11.02,0.75,13055,127437,0,0,176,27008,1032,11479,-69,13,44.31805,-68.92741,5,0.059,1
"2025-07-10 17:00:00",177,13.62,25.94,26,65.03,86,203,36594,11.02,0.75,13055,128157,0,0,177,27008,1095,11542,-77,4,44.31803,-68.92742,4,0.059,1
"2025-07-10 18:00:00",178,13.59,26.16,26,86,86,204,36594,11.02,0.75,13055,128877,0,0,178,27008,1157,11604,-71,4,44.31807,-68.92728,4,0.055,1
"2025-07-10 19:00:00",179,13.56,25.12,26,54.11,135,204,36594,11.02,0.75,13055,129597,0,0,179,27008,1220,11667,-67,4,44.31814,-68.92751,6,0.055,1
"2025-07-10 20:00:00",180,13.41,21.27,26,135,135,204,36594,11.02,0.75,13055,130317,0,0,180,27008,1281,11728,-69,4,44.3182,-68.92747,5,0.052,1
"2025-07-10 21:00:00",181,13.3,20.25,27,107,107,204,36594,11.02,0.75,13055,131037,0,0,181,27008,1344,11791,-71,4,44.31824,-68.92747,5,0.052,1
"2025-07-10 22:00:00",182,13.25,19.85,26,98,124,203,36594,11.02,0.75,13055,131757,0,0,182,27008,1409,11856,-71,4,44.31818,-68.92741,5,0.047,1
"2025-07-10 23:00:00",183,13.25,19.69,26,124,155,203,36594,11.02,0.75,13055,132477,0,0,183,27008,1474,11921,-77,4,44.31815,-68.92741,4,0.047,1
"2025-07-11 00:00:00",184,13.24,19.43,27,155,155,204,36594,11.02,0.75,13055,133197,0,0,184,27008,0.013,11984,-67,4,44.31813,-68.92741,5,0.044,1
"2025-07-11 01:00:00",185,13.24,19.56,27,152,152,203,36594,11.02,0.75,13055,133917,0,0,185,27008,65.18,12049,-73,4,44.31804,-68.9274,4,0.044,1
"2025-07-11 02:00:00",186,13.24,19.59,27,150,170,204,36594,11.02,0.75,13055,134637,0,0,186,27008,123.9,12108,-73,4,44.31805,-68.9274,4,0.044,1
"2025-07-11 03:00:00",187,13.21,19.42,27,170,196,203,36594,11.02,0.75,13055,135357,0,0,187,27008,183.9,12168,-67,4,44.31804,-68.9274,5,0.044,1
"2025-07-11 04:00:00",188,13.23,19.64,27,195.9,196,211,36594,11.02,0.75,13055,136077,0,0,188,27008,248.1,12232,-67,4,44.31803,-68.92738,5,0.04,1
"2025-07-11 05:00:00",189,13.23,19.7,27,156.9,157,204,36594,11.02,0.75,13055,136797,0,0,189,27008,302.8,12287,-79,4,44.31799,-68.92738,6,0.04,1
"2025-07-11 06:00:00",190,13.24,20.13,27,110,143,203,36594,11.02,0.75,13055,137517,0,0,190,27008,363.5,12348,-51,13,44.31804,-68.92754,4,0.04,1
"2025-07-11 07:00:00",191,13.27,20.29,27,142.9,143,212,36594,11.02,0.75,13055,138237,0,0,191,27008,417.6,12402,-65,4,44.318,-68.92734,4,0.04,1
"2025-07-11 08:00:00",192,13.3,20.5,27,69.04,101,204,36594,11.02,0.75,13055,138957,0,0,192,27008,481.9,12466,-69,4,44.31812,-68.92749,4,0.04,1
"2025-07-11 09:00:00",193,13.34,21.27,27,100.9,101,210,36594,11.02,0.75,13055,139677,0,0,193,27008,546.3,12530,-77,4,44.31817,-68.92749,6,0.04,1
"2025-07-11 10:00:00",194,13.39,22.42,26,45.02,58,203,36594,11.02,0.75,13055,140397,0,0,194,27008,607.7,12592,-71,4,44.3182,-68.92737,6,0.041,1
"2025-07-11 11:00:00",195,13.48,23.6,26,57.87,58,203,36594,11.02,0.75,13055,141117,0,0,195,27008,667.9,12652,-65,4,44.31822,-68.92736,4,0.048,1
"2025-07-11 12:00:00",196,13.53,24.75,26,-38.02,-38,210,36594,11.02,0.75,13055,141837,0,0,196,27008,727.2,12711,-69,4,44.31813,-68.92736,6,0.048,1
"2025-07-11 13:00:00",197,13.56,27.38,26,-53.79,100,204,36594,11.02,0.75,13055,142557,0,0,197,27008,793.4,12778,-65,4,44.31807,-68.92736,5,0.059,1
"2025-07-11 14:00:00",198,13.57,25.73,26,100,100,203,36594,11.02,0.75,13055,143277,0,0,198,27008,854,12838,-69,4,44.31805,-68.9274,5,0.062,1
"2025-07-11 15:00:00",199,13.57,26.26,26,80,99,204,36594,11.02,0.75,13055,143997,0,0,199,27008,911,12895,-75,4,44.31812,-68.92731,5,0.063,1
"2025-07-11 16:00:00",200,13.57,26.6,26,99,99,204,36594,11.02,0.75,13055,144717,0,0,200,27008,969,12953,-65,4,44.31803,-68.92737,6,0.063,1
"2025-07-11 17:00:00",201,13.57,25.8,26,69.02,80,204,36594,11.02,0.75,13055,145437,0,0,201,27008,1025,13009,-69,4,44.31812,-68.9272,4,0.063,1
"2025-07-11 18:00:00",202,13.58,25.81,26,79.99,80,211,36594,11.02,0.75,13055,146157,0,0,202,27008,1083,13067,-73,4,44.31812,-68.9272,4,0.063,1
"2025-07-11 19:00:00",203,13.59,25.11,26,73.96,74,211,36594,11.02,0.75,13055,146877,0,0,203,27008,1141,13125,-71,4,44.31821,-68.9274,5,0.055,1
"2025-07-11 20:00:00",204,13.47,21.78,27,42.13,134,211,36594,11.02,0.75,13055,147597,0,0,204,27008,1204,13188,-67,4,44.31821,-68.9274,4,0.055,1
"2025-07-11 21:00:00",205,13.3,20,27,134,134,210,36594,11.02,0.75,13055,148317,0,0,205,27008,1269,13253,-71,4,44.31824,-68.92729,4,0.05,1
"2025-07-11 22:00:00",206,13.26,19.9,27,129,129,204,36594,11.02,0.75,13055,149037,0,0,206,27008,1334,13318,-69,4,44.31821,-68.9274,5,0.05,1
"2025-07-11 23:00:00",207,13.22,19.7,27,123.1,168,204,36594,11.02,0.75,13055,149757,0,0,207,27008,1396,13380,-69,4,44.31827,-68.92741,4,0.05,1
"2025-07-12 00:00:00",208,13.24,19.34,27,167.9,168,204,36594,11.02,0.75,13055,150477,0,0,208,27008,0.015,13446,-73,4,44.31812,-68.92735,4,0.05,1
"2025-07-12 01:00:00",209,13.21,19.2,27,123.1,178,203,36594,11.02,0.75,13055,151197,0,0,209,27008,58.48,13504,-73,4,44.31812,-68.92737,4,0.056,1
"2025-07-12 02:00:00",210,13.23,18.87,27,177.9,178,210,36594,11.02,0.75,13055,151917,0,0,210,27008,117,13563,-75,4,44.31815,-68.92725,4,0.056,1
"2025-07-12 03:00:00",211,13.23,18.51,27,111,122,204,36594,11.02,0.75,13055,152637,0,0,211,27008,178.4,13624,-69,4,44.31807,-68.92744,4,0.063,1
"2025-07-12 04:00:00",212,13.23,18.89,27,122,122,210,36594,11.02,0.75,13055,153357,0,0,212,27008,238.9,13685,-71,4,44.31811,-68.92753,4,0.063,1
"2025-07-12 05:00:00",213,13.23,19.15,27,116,129,203,36594,11.02,0.75,13055,154077,0,0,213,27008,299.6,13745,-77,4,44.31804,-68.92747,4,0.065,1
"2025-07-12 06:00:00",214,13.24,19.84,27,129,129,204,36594,11.02,0.75,13055,154797,0,0,214,27008,360.9,13807,-79,4,44.31801,-68.9274,6,0.065,1
"2025-07-12 07:00:00",215,13.26,19.88,27,106,106,204,36594,11.02,0.75,13055,155517,0,0,215,27008,424.4,13870,-77,4,44.31808,-68.9274,5,0.073,1
"2025-07-12 08:00:00",216,13.32,19.88,27,92.9,93,210,36594,11.02,0.75,13055,156237,0,0,216,27008,487.5,13933,-75,4,44.31823,-68.92748,5,0.073,1
"2025-07-12 09:00:00",217,13.53,21.93,26,51.72,52,211,36594,11.02,0.75,13055,156957,0,0,217,27008,554.3,14000,-73,4,44.31827,-68.92744,4,0.073,1
"2025-07-12 10:00:00",218,13.42,22.4,27,-151.8,18,203,36594,11.02,0.75,13055,157677,0,0,218,27008,617.4,14063,-77,4,44.31821,-68.92738,5,0.073,1
"2025-07-12 11:00:00",219,13.5,22.96,26,17.92,18,204,36594,11.02,0.75,13055,158397,0,0,219,27008,677.3,14123,-77,4,44.31814,-68.92741,4,0.078,1
"2025-07-12 12:00:00",220,13.53,22.34,27,-40.86,58,204,36594,11.02,0.75,13055,159117,0,0,220,27008,737,14183,-75,4,44.31818,-68.92738,5,0.084,1
"2025-07-12 13:00:00",221,13.63,23.28,27,58.05,96,203,36594,11.02,0.75,13055,159837,0,0,221,27008,791.8,14237,-69,4,44.31816,-68.92735,4,0.086,1
"2025-07-12 14:00:00",222,13.62,23.3,27,95.9,96,211,36594,11.02,0.75,13055,160557,0,0,222,27008,851,14297,-69,4,44.31805,-68.92735,4,0.087,1
"2025-07-12 15:00:00",223,13.62,22.7,26,49.99,50,204,36594,11.02,0.75,13055,161277,0,0,223,27008,908,14354,-71,4,44.31804,-68.92745,4,0.088,1
"2025-07-12 16:00:00",224,13.59,22.6,26,42.07,93,204,36594,11.02,0.75,13055,161997,0,0,224,27008,966,14412,-73,4,44.31814,-68.92747,4,0.089,1
"2025-07-12 17:00:00",225,13.61,21.07,27,93,94,204,36594,11.02,0.75,13055,162717,0,0,225,27008,1025,14471,-75,4,44.31808,-68.92751,4,0.089,1
"2025-07-12 18:00:00",226,13.52,20.41,27,94,94,204,36594,11.02,0.75,13055,163437,0,0,226,27008,1085,14531,-75,4,44.31815,-68.92732,4,0.089,1
"2025-07-12 19:00:00",227,13.38,20.13,27,93.1,155,210,36594,11.02,0.75,13055,164157,0,0,227,27008,1144,14589,-77,4,44.3182,-68.92738,4,0.089,1
"2025-07-12 20:00:00",228,13.26,19.87,27,155,170,203,36594,11.02,0.75,13055,164877,0,0,228,27008,1206,14651,-55,13,44.31821,-68.9274,4,0.086,1
"2025-07-12 21:00:00",229,13.25,19.72,27,169.9,170,204,36594,11.02,0.75,13055,165597,0,0,229,27008,1290,14736,-67,4,"NAN","NAN",4,0.086,1
"2025-07-12 22:00:00",230,13.24,19.51,27,112,124,211,36594,11.02,0.75,13055,166317,0,0,230,27008,1348,14793,-79,4,44.31821,-68.9274,4,0.086,1
"2025-07-12 23:00:00",231,13.24,19.24,27,124,124,203,36594,11.02,0.75,13055,167037,0,0,231,27008,1408,14854,-71,4,44.31819,-68.92738,4,0.086,1
"2025-07-13 00:00:00",232,13.23,18.67,28,121,131,204,36594,11.02,0.75,13055,167757,0,0,232,27008,0.011,14912,-69,4,44.31821,-68.92737,5,0.086,1
"2025-07-13 01:00:00",233,13.23,18.66,28,131,131,203,36594,11.02,0.75,13055,168477,0,0,233,27008,61.97,14974,-75,4,44.31809,-68.92738,4,0.086,1
"2025-07-13 02:00:00",234,13.23,18.72,28,125,125,203,36594,11.02,0.75,13055,169197,0,0,234,27008,119.5,15031,-73,4,"NAN","NAN",4,0.088,1
"2025-07-13 03:00:00",235,13.23,18.79,28,125,129,203,36594,11.02,0.75,13055,169917,0,0,235,27008,178.8,15091,-79,4,44.31804,-68.92737,4,0.088,1
"2025-07-13 04:00:00",236,13.23,18.82,28,129,129,203,36594,11.02,0.75,13055,170637,0,0,236,27008,244.4,15156,-83,4,44.31806,-68.92773,4,0.088,1
"2025-07-13 05:00:00",237,13.2,18.81,28,122.1,159,203,36594,11.02,0.75,13055,171357,0,0,237,27008,307.7,15219,-73,4,44.31805,-68.92751,4,0.088,1
"2025-07-13 06:00:00",238,13.26,18.66,28,158.9,159,210,36594,11.02,0.75,13055,172077,0,0,238,27008,371.7,15283,-73,4,44.31805,-68.92751,4,0.081,1
"2025-07-13 07:00:00",239,13.31,19.09,27,94,94,204,36594,11.02,0.75,13055,172797,0,0,239,27008,430.2,15342,-57,4,44.3182,-68.92742,5,0.081,1
"2025-07-13 08:00:00",240,13.32,19.73,27,81,96,210,36594,11.02,0.75,13055,173517,0,0,240,27008,498.3,15410,-71,4,44.31823,-68.92738,5,0.081,1
"2025-07-13 09:00:00",241,13.44,20.96,27,95.8,96,203,36594,11.02,0.75,13055,174237,0,0,241,27008,559,15471,-85,4,44.31823,-68.9274,4,0.081,1
"2025-07-13 10:00:00",242,13.54,22.29,27,-13.13,-13,204,36594,11.02,0.75,13055,174957,0,0,242,27008,616.8,15529,-69,4,44.31822,-68.9274,7,0.086,1
"2025-07-13 11:00:00",243,13.66,22.89,26,-102.8,36,203,36594,11.02,0.75,13055,175677,0,0,243,27008,674,15586,-73,4,44.31822,-68.92737,5,0.091,1
"2025-07-13 12:00:00",244,13.68,23.53,27,36.02,50,211,36594,11.02,0.75,13055,176397,0,0,244,27008,729.4,15641,-73,13,"NAN","NAN",4,0.094,1
"2025-07-13 13:00:00",245,13.65,23.52,27,50.01,60,203,36594,11.02,0.75,13055,177117,0,0,245,27008,785.9,15698,-77,4,44.31816,-68.9274,4,0.094,1
"2025-07-13 14:00:00",246,13.64,23.2,27,60,61,211,36594,11.02,0.75,13055,177837,0,0,246,27008,851,15763,-69,4,44.31815,-68.92737,4,0.098,1
"2025-07-13 15:00:00",247,13.65,23.38,27,60.98,61,204,36594,11.02,0.75,13055,178557,0,0,247,27008,908,15819,-69,4,44.31815,-68.92737,4,0.098,1
"2025-07-13 16:00:00",248,13.65,23.11,27,45.03,64,204,36594,11.02,0.75,13055,179277,0,0,248,27008,965,15877,-71,4,44.31807,-68.92729,4,0.098,1
"2025-07-13 17:00:00",249,13.64,21.84,27,64.02,75,204,36594,11.02,0.75,13055,179997,0,0,249,27008,1023,15935,-77,4,44.31816,-68.92737,4,0.098,1
"2025-07-13 18:00:00",250,13.64,21.09,27,74.99,75,203,36594,11.02,0.75,13055,180717,0,0,250,27008,1084,15995,-75,4,44.31816,-68.92737,4,0.074,1
"2025-07-13 19:00:00",251,13.61,19.87,27,70.03,93,203,36594,11.02,0.75,13055,181437,0,0,251,27008,1153,16065,-71,4,44.31816,-68.92741,4,0.074,1
"2025-07-13 20:00:00",252,13.39,19.17,28,93,114,203,36594,11.02,0.75,13055,182157,0,0,252,27008,1213,16125,-77,4,44.31824,-68.9274,4,0.074,1
"2025-07-13 21:00:00",253,13.25,18.71,28,114.1,185,211,36594,11.02,0.75,13055,182877,0,0,253,27008,1274,16185,-71,4,44.31824,-68.9274,4,0.074,1
"2025-07-13 22:00:00",254,13.24,18.18,28,184.9,185,203,36594,11.02,0.75,13055,183597,0,0,254,27008,1339,16251,-73,4,44.31824,-68.92726,4,0.074,1
"2025-07-13 23:00:00",255,13.24,18.4,28,138,138,204,36594,11.02,0.75,13055,184317,0,0,255,27008,1404,16316,-79,4,44.31819,-68.92738,4,0.074,1
"2025-07-14 00:00:00",256,13.23,18.22,28,124,124,204,36594,11.02,0.75,13055,185037,0,0,256,27008,0.011,16378,-69,4,44.31819,-68.92738,4,0.071,1
"2025-07-14 01:00:00",257,13.24,18.44,28,119,121,203,36594,11.02,0.75,13055,185757,0,0,257,27008,57.76,16435,-71,4,44.31816,-68.92736,4,0.071,1
"2025-07-14 02:00:00",258,13.23,18.52,28,121,121,204,36594,11.02,0.75,13055,186477,0,0,258,27008,126.5,16504,-55,13,44.31816,-68.92738,4,0.07,1
"2025-07-14 03:00:00",259,13.23,18.92,28,119,126,204,36594,11.02,0.75,13055,187197,0,0,259,27008,185.8,16564,-69,4,44.31816,-68.92738,4,0.07,1
"2025-07-14 04:00:00",260,13.21,19.07,28,126,140,204,36594,11.02,0.75,13055,187917,0,0,260,27008,245.8,16623,-71,4,44.31812,-68.92747,4,0.07,1
"2025-07-14 05:00:00",261,13.23,18.7,28,140,140,204,36594,11.02,0.75,13055,188637,0,0,261,27008,307.3,16685,-77,4,44.31812,-68.92754,4,0.07,1
"2025-07-14 06:00:00",262,13.23,19.02,28,125,125,210,36594,11.02,0.75,13055,189357,0,0,262,27008,367.5,16745,-73,4,44.31804,-68.92744,5,0.062,1
"2025-07-14 07:00:00",263,13.24,19.22,28,125,125,204,36594,11.02,0.75,13055,190077,0,0,263,27008,426.7,16804,-77,4,44.31798,-68.92727,4,0.062,1
"2025-07-14 08:00:00",264,13.3,19.51,28,124.9,125,204,36594,11.02,0.75,13055,190797,0,0,264,27008,483,16861,-75,4,44.31817,-68.92729,4,0.062,1
"2025-07-14 09:00:00",265,13.39,20.05,28,78.94,79,204,36594,11.02,0.75,13055,191517,0,0,265,27008,542.8,16921,-77,4,44.31814,-68.92726,4,0.062,1
"2025-07-14 10:00:00",266,13.4,20.9,28,38,39,204,36594,11.02,0.75,13055,192237,0,0,266,27008,596.4,16974,-69,4,44.31821,-68.92738,5,0.062,1
"2025-07-14 11:00:00",267,13.43,20.83,27,38.97,39,204,36594,11.02,0.75,13055,192957,0,0,267,27008,656.5,17034,-69,4,44.31824,-68.92738,5,0.062,1
"2025-07-14 12:00:00",268,13.45,21.12,27,17,20,203,36594,11.02,0.75,13055,193677,0,0,268,27008,717.7,17095,-71,4,44.31818,-68.9274,4,0.064,1
"2025-07-14 13:00:00",269,13.58,21.05,27,19.94,20,203,36594,11.02,0.75,13055,194397,0,0,269,27008,778.1,17156,-65,4,44.31791,-68.92754,4,0.064,1
"2025-07-14 14:00:00",270,13.64,22.54,27,-19.89,59,211,36594,11.02,0.75,13055,195117,0,0,270,27008,845,17223,-69,4,44.31816,-68.92736,5,0.06,1
"2025-07-14 15:00:00",271,13.65,23.06,27,59,59,204,36594,11.02,0.75,13055,195837,0,0,271,27008,909,17286,-69,4,44.31817,-68.92741,4,0.06,1
"2025-07-14 16:00:00",272,13.65,22.53,27,58.99,59,209,36594,11.02,0.75,13055,196557,0,0,272,27008,973,17351,-67,4,44.3181,-68.92735,5,0.06,1
"2025-07-14 17:00:00",273,13.64,22.28,27,50.03,75,204,36594,11.02,0.75,13055,197277,0,0,273,27008,1037,17415,-69,4,44.31805,-68.92741,4,0.06,1
"2025-07-14 18:00:00",274,13.62,20.94,27,75.05,111,204,36594,11.02,0.75,13055,197997,0,0,274,27008,1099,17477,-77,4,44.31806,-68.92744,6,0.051,1
"2025-07-14 19:00:00",275,13.49,20.62,28,111,111,203,36594,11.02,0.75,13055,198717,0,0,275,27008,1162,17539,-71,4,44.31804,-68.92735,4,0.046,1
"2025-07-14 20:00:00",276,13.33,19.81,28,111,117,204,36594,11.02,0.75,13055,199437,0,0,276,27008,1222,17600,-77,4,44.31817,-68.9273,4,0.046,1
"2025-07-14 21:00:00",277,13.26,19.36,28,117,117,204,36594,11.02,0.75,13055,200157,0,0,277,27008,1368,17745,-73,4,44.31809,-68.92725,4,0.046,1
"2025-07-14 22:00:00",278,13.24,19.12,28,110,113,204,36594,11.02,0.75,13055,200877,0,0,278,27008,1435,17813,-79,4,44.3182,-68.92738,4,0.046,1
"2025-07-14 23:00:00",279,13.24,19.55,28,113,134,204,36594,11.02,0.75,13055,201597,0,0,279,27008,1500,17878,-77,4,44.31819,-68.92737,4,0.046,1
"2025-07-15 00:00:00",280,13.24,19.54,28,134,134,204,36594,11.02,0.75,13055,202317,0,0,280,27008,0.077,17940,-75,4,44.31825,-68.92733,4,0.046,1
"2025-07-15 01:00:00",281,13.23,19.38,28,124,124,211,36594,11.02,0.75,13055,203037,0,0,281,27008,60.34,18000,-75,4,44.31816,-68.92741,5,0.037,1
"2025-07-15 02:00:00",282,13.24,19.2,28,118,150,204,36594,11.02,0.75,13055,203757,0,0,282,27008,121.4,18061,-67,4,44.31816,-68.92735,5,0.037,1
"2025-07-15 03:00:00",283,13.23,19.11,28,150,150,203,36594,11.02,0.75,13055,204477,0,0,283,27008,178.6,18119,-71,4,44.31807,-68.92742,4,0.035,1
"2025-07-15 04:00:00",284,13.2,19.85,28,139,172,211,36594,11.02,0.75,13055,205197,0,0,284,27008,239,18179,-69,4,44.31804,-68.92751,6,0.035,1
"2025-07-15 05:00:00",285,13.23,19.52,28,171.9,172,203,36594,11.02,0.75,13055,205917,0,0,285,27008,296.5,18236,-67,4,44.31804,-68.92742,5,0.035,1
"2025-07-15 06:00:00",286,13.24,20.14,28,132,132,203,36594,11.02,0.75,13055,206637,0,0,286,27008,357,18297,-73,4,44.31803,-68.92742,4,0.035,1
"2025-07-15 07:00:00",287,13.28,20.88,28,100,100,203,36594,11.02,0.75,13055,207357,0,0,287,27008,418,18358,-53,4,44.31804,-68.9274,4,0.039,1
"2025-07-15 08:00:00",288,13.31,20.92,28,79.98,80,203,36594,11.02,0.75,13055,208077,0,0,288,27008,474.4,18414,-67,4,44.31805,-68.92747,4,0.039,1
"2025-07-15 09:00:00",289,13.5,24.21,27,64.78,65,203,36594,11.02,0.75,13055,208797,0,0,289,27008,533.9,18474,-67,4,44.31812,-68.92752,4,0.05,1
"2025-07-15 10:00:00",290,13.54,26.77,27,-97,-97,203,36594,11.02,0.75,13055,209517,0,0,290,27008,593.8,18534,-71,4,44.31802,-68.92741,6,0.05,1
"2025-07-15 11:00:00",291,13.54,27.34,27,-114.8,49,204,36594,11.02,0.75,13055,210237,0,0,291,27008,648.2,18588,-71,4,44.31808,-68.92753,8,0.053,1
"2025-07-15 12:00:00",292,13.53,25.98,28,49.03,69,211,36594,11.02,0.75,13055,210957,0,0,292,27008,704.9,18645,-71,4,44.3182,-68.92741,4,0.053,1
"2025-07-15 13:00:00",293,13.56,25.37,27,68.98,69,204,36594,11.02,0.75,13055,211677,0,0,293,27008,763.6,18704,-73,4,44.3182,-68.92738,5,0.053,1
"2025-07-15 14:00:00",294,13.57,25.62,28,54.01,62,204,36594,11.02,0.75,13055,212397,0,0,294,27008,821,18761,-73,4,44.31816,-68.92735,4,0.053,1
"2025-07-15 15:00:00",295,13.59,27.12,27,62.03,81,204,36594,11.02,0.75,13055,213117,0,0,295,27008,881,18821,-67,4,44.31812,-68.92734,4,0.053,1
"2025-07-15 16:00:00",296,13.59,26.53,27,80.9,81,204,36594,11.02,0.75,13055,213837,0,0,296,27008,941,18881,-69,4,44.31807,-68.92733,4,0.053,1
"2025-07-15 17:00:00",297,13.58,26.9,28,40.08,95,204,36594,11.02,0.75,13055,214557,0,0,297,27008,1003,18943,-77,4,44.31814,-68.92731,4,0.048,1
"2025-07-15 18:00:00",298,13.57,27.16,28,95,95,204,36594,11.02,0.75,13055,215277,0,0,298,27008,1061,19001,-71,4,44.31807,-68.92738,4,0.048,1
"2025-07-15 19:00:00",299,13.54,26.24,28,91,91,203,36594,11.02,0.75,13055,215997,0,0,299,27008,1118,19058,-71,4,44.31807,-68.92738,4,0.044,1
"2025-07-15 20:00:00",300,13.5,23.97,28,91.1,145,204,36594,11.02,0.75,13055,216717,0,0,300,27008,1174,19113,-71,4,44.31803,-68.92733,4,0.039,1
"2025-07-15 21:00:00",301,13.33,21.68,28,145,145,204,36594,11.02,0.75,13055,217437,0,0,301,27008,1232,19172,-93,4,44.31812,-68.92728,4,0.039,1
"2025-07-15 22:00:00",302,13.26,21.01,29,140,142,204,36594,11.02,0.75,13055,218157,0,0,302,27008,1290,19230,-73,4,44.31814,-68.9273,5,0.039,1
"2025-07-15 23:00:00",303,13.25,21.05,29,142,142,204,36594,11.02,0.75,13055,218877,0,0,303,27008,1353,19293,-75,4,44.31816,-68.92731,6,0.039,1
"2025-07-16 00:00:00",304,13.24,20.74,29,111,125,204,36594,11.02,0.75,13055,219597,0,0,304,27008,0.011,19353,-81,4,44.3182,-68.92737,4,0.037,1
"2025-07-16 01:00:00",305,13.24,20.36,29,125,136,203,36594,11.02,0.75,13055,220317,0,0,305,27008,64.66,19418,-69,4,44.31817,-68.92742,4,0.037,1
"2025-07-16 02:00:00",306,13.24,20.17,29,136,151,204,36594,11.02,0.75,13055,221037,0,0,306,27008,127,19480,-75,4,44.31808,-68.92742,4,0.037,1
"2025-07-16 03:00:00",307,13.24,19.79,29,150.9,151,203,36594,11.02,0.75,13055,221757,0,0,307,27008,185.6,19539,-73,4,44.31807,-68.92735,4,0.037,1
"2025-07-16 04:00:00",308,13.23,19.41,29,109.1,150,204,36594,11.02,0.75,13055,222477,0,0,308,27008,244.6,19598,-67,4,44.31809,-68.92749,5,0.037,1
"2025-07-16 05:00:00",309,13.23,19.81,29,150,150,210,36594,11.02,0.75,13055,223197,0,0,309,27008,306.4,19659,-75,4,44.31807,-68.92745,6,0.037,1
"2025-07-16 06:00:00",310,13.33,21.06,28,126.9,127,203,36594,11.02,0.75,13055,223917,0,0,310,27008,359.9,19713,-67,4,44.31805,-68.92749,5,0.037,1
"2025-07-16 07:00:00",311,13.49,23.41,28,35.82,36,210,36594,11.02,0.75,13055,224637,0,0,311,27008,426,19779,-67,4,44.31804,-68.92747,4,0.037,1
"2025-07-16 08:00:00",312,13.54,26.39,28,-96.9,-43,203,36594,11.02,0.75,13055,225357,0,0,312,27008,491,19844,-61,4,44.31799,-68.92741,5,0.037,1
"2025-07-16 09:00:00",313,13.52,30.59,28,-42.8,100,203,36594,11.02,0.75,13055,226077,0,0,313,27008,550,19903,-71,4,44.31803,-68.92748,4,0.045,1
"2025-07-16 10:00:00",314,13.44,34.47,28,100,125,204,36594,11.02,0.75,13055,226797,0,0,314,27008,613.9,19967,-63,4,44.31803,-68.92735,8,0.049,1
"2025-07-16 11:00:00",315,13.41,35.63,27,124.9,125,204,36594,11.02,0.75,13055,227517,0,0,315,27008,674.7,20028,-65,4,44.31803,-68.92737,5,0.049,1
"2025-07-16 12:00:00",316,13.51,28.04,28,85.9,86,211,36594,11.02,0.75,13055,228237,0,0,316,27008,734.1,20087,-71,4,44.31816,-68.92746,6,0.049,1
"2025-07-16 13:00:00",317,13.54,26.82,28,42.02,58,204,36594,11.02,0.75,13055,228957,0,0,317,27008,794.2,20147,-77,4,44.31817,-68.92738,4,0.049,1
"2025-07-16 14:00:00",318,13.53,27.71,28,58.04,85,204,36594,11.02,0.75,13055,229677,0,0,318,27008,856,20209,-73,4,"NAN","NAN",4,0.045,1
"2025-07-16 15:00:00",319,13.54,28.05,28,85,85,204,36594,11.02,0.75,13055,230397,0,0,319,27008,910,20263,-81,4,44.31816,-68.92738,5,0.045,1
"2025-07-16 16:00:00",320,13.53,27.51,28,77.03,101,204,36594,11.02,0.75,13055,231117,0,0,320,27008,968,20321,-71,4,44.31811,-68.92733,4,0.04,1
"2025-07-16 17:00:00",321,13.53,26.48,28,101,104,204,36594,11.02,0.75,13055,231837,0,0,321,27008,1025,20378,-73,4,44.31812,-68.92734,4,0.038,1
"2025-07-16 18:00:00",322,13.56,25.31,28,103.9,104,203,36594,11.02,0.75,13055,232557,0,0,322,27008,1082,20435,-71,4,"NAN","NAN",4,0.038,1
"2025-07-16 19:00:00",323,13.54,22.99,28,65.12,150,203,36594,11.02,0.75,13055,233277,0,0,323,27008,1142,20495,-67,4,"NAN","NAN",4,0.038,1
"2025-07-16 20:00:00",324,13.38,21.73,29,149.9,150,204,36594,11.02,0.75,13055,233997,0,0,324,27008,1200,20553,-73,4,44.31804,-68.92737,5,0.038,1
"2025-07-16 21:00:00",325,13.28,20.98,29,109,114,204,36594,11.02,0.75,13055,234717,0,0,325,27008,1264,20617,-73,4,"NAN","NAN",4,0.038,1
"2025-07-16 22:00:00",326,13.25,21.04,29,114,114,203,36594,11.02,0.75,13055,235437,0,0,326,27008,1326,20679,-73,4,44.3182,-68.92741,4,0.016,1
"2025-07-16 23:00:00",327,13.25,20.45,29,107,114,204,36594,11.02,0.75,13055,236157,0,0,327,27008,1385,20738,-77,4,44.31822,-68.92738,4,0.016,1
"2025-07-17 00:00:00",328,13.24,20.32,29,114,119,210,36594,11.02,0.75,13055,236877,0,0,328,27008,0.011,20801,-77,4,44.31824,-68.92737,4,0.016,1
"2025-07-17 01:00:00",329,13.21,20.34,29,119.1,162,204,36594,11.02,0.75,13055,237597,0,0,329,27008,59.75,20861,-59,4,44.31823,-68.92735,5,0.016,1
"2025-07-17 02:00:00",330,13.24,20.16,29,162,162,204,36594,11.02,0.75,13055,238317,0,0,330,27008,119.4,20920,-75,4,44.31822,-68.92737,5,0.016,1
"2025-07-17 03:00:00",331,13.22,20.09,29,136.1,197,211,36594,11.02,0.75,13055,239037,0,0,331,27008,179.5,20980,-73,4,44.31819,-68.92739,5,0.016,1
"2025-07-17 04:00:00",332,13.22,19.82,29,196.9,197,203,36594,11.02,0.75,13055,239757,0,0,332,27008,238.2,21039,-59,13,44.31807,-68.92738,8,-0.007,1
"2025-07-17 05:00:00",333,13.21,19.96,29,121.1,176,210,36594,11.02,0.75,13055,240477,0,0,333,27008,298.4,21099,-67,4,44.31811,-68.92733,5,-0.009,1
"2025-07-17 06:00:00",334,13.24,20.44,29,175.9,176,203,36594,11.02,0.75,13055,241197,0,0,334,27008,357.9,21159,-73,4,44.31806,-68.92733,5,-0.01,1
"2025-07-17 07:00:00",335,13.29,21.11,29,132.9,133,204,36594,11.02,0.75,13055,241917,0,0,335,27008,413.6,21215,-61,4,"NAN","NAN",4,-0.01,1
"2025-07-17 08:00:00",336,13.35,22.04,29,93,93,204,36594,11.02,0.75,13055,242637,0,0,336,27008,474.8,21276,-61,4,44.31806,-68.92745,4,-0.01,1
"2025-07-17 09:00:00",337,13.38,22.48,29,73.94,74,211,36594,11.02,0.75,13055,243357,0,0,337,27008,540.3,21341,-61,4,44.31803,-68.92741,6,-0.01,1
"2025-07-17 10:00:00",338,13.41,22.93,28,33.99,34,204,36594,11.02,0.75,13055,244077,0,0,338,27008,601.4,21402,-71,4,44.31807,-68.92729,4,-0.01,1
"2025-07-17 11:00:00",339,13.47,23.83,28,29.94,30,204,36594,11.02,0.75,13055,244797,0,0,339,27008,664.5,21465,-67,4,44.31809,-68.92732,4,-0.01,1
"2025-07-17 12:00:00",340,13.67,24.4,28,-14.15,-14,204,36594,11.02,0.75,13055,245517,0,0,340,27008,725.9,21527,-71,4,44.31806,-68.92739,4,-0.011,1
"2025-07-17 13:00:00",341,13.62,23.92,28,-118.8,34,204,36594,11.02,0.75,13055,246237,0,0,341,27008,788,21589,-53,13,44.31819,-68.92739,5,-0.011,1
"2025-07-17 14:00:00",342,13.63,24.28,28,34,36,210,36594,11.02,0.75,13055,246957,0,0,342,27008,850,21651,-73,4,44.31824,-68.92747,4,-0.011,1
"2025-07-17 15:00:00",343,13.65,23.72,29,36.02,49,204,36594,11.02,0.75,13055,247677,0,0,343,27008,912,21713,-69,4,44.31824,-68.92747,4,-0.011,1
"2025-07-17 16:00:00",344,13.65,23.66,29,49.01,55,204,36594,11.02,0.75,13055,248397,0,0,344,27008,970,21771,-69,4,44.31824,-68.92747,4,-0.037,1
"2025-07-17 17:00:00",345,13.61,22.79,29,55.06,98,204,36594,11.02,0.75,13055,249117,0,0,345,27008,1030,21831,-75,4,44.31823,-68.92737,4,-0.037,1
"2025-07-17 18:00:00",346,13.66,23.02,29,97.9,98,211,36594,11.02,0.75,13055,249837,0,0,346,27008,1089,21890,-69,4,44.31813,-68.92736,4,-0.057,1
"2025-07-17 19:00:00",347,13.65,23.44,29,53.97,54,203,36594,11.02,0.75,13055,250557,0,0,347,27008,1146,21947,-71,4,44.31808,-68.92732,4,-0.057,1
"2025-07-17 20:00:00",348,13.55,22.39,29,33.09,95,204,36594,11.02,0.75,13055,251277,0,0,348,27008,1201,22002,-77,4,44.31812,-68.92737,4,-0.057,1
"2025-07-17 21:00:00",349,13.36,21.93,29,95,109,203,36594,11.02,0.75,13055,251997,0,0,349,27008,1262,22063,-51,4,44.31818,-68.92735,4,-0.057,1
"2025-07-17 22:00:00",350,13.27,21.94,30,109,109,211,36594,11.02,0.75,13055,252717,0,0,350,27008,1327,22128,-71,4,44.31822,-68.92737,4,-0.085,1
"2025-07-17 23:00:00",351,13.26,21.84,30,100,123,203,36594,11.02,0.75,13055,253437,0,0,351,27008,1387,22188,-73,4,44.31819,-68.92733,4,-0.085,1
"2025-07-18 00:00:00",352,13.25,21.91,30,123,129,203,36594,11.02,0.75,13055,254157,0,0,352,27008,0.011,22249,-73,13,44.31821,-68.92741,4,-0.096,1
"2025-07-18 01:00:00",353,13.25,22.22,30,129,129,203,36594,11.02,0.75,13055,254877,0,0,353,27008,70.82,22320,-75,4,44.31821,-68.92737,4,-0.096,1
"2025-07-18 02:00:00",354,13.25,21.84,29,127,127,203,36594,11.02,0.75,13055,255597,0,0,354,27008,139.5,22388,-73,4,44.31819,-68.92738,4,-0.103,1
"2025-07-18 03:00:00",355,13.24,22.91,30,117,133,211,36594,11.02,0.75,13055,256317,0,0,355,27008,206.4,22455,-77,4,44.3182,-68.92737,4,-0.103,1
"2025-07-18 04:00:00",356,13.25,24.2,30,133,151,204,36594,11.02,0.75,13055,257037,0,0,356,27008,267.4,22516,-73,4,44.31814,-68.92732,4,-0.103,1
"2025-07-18 05:00:00",357,13.22,23.9,30,151.1,198,204,36594,11.02,0.75,13055,257757,0,0,357,27008,331.2,22580,-67,4,44.31809,-68.92733,4,-0.098,1
"2025-07-18 06:00:00",358,13.31,24.7,30,197.9,198,204,36594,11.02,0.75,13055,258477,0,0,358,27008,394.6,22643,-65,4,44.31807,-68.92734,4,-0.092,1
"2025-07-18 07:00:00",359,13.48,25.9,29,102.8,103,203,36594,11.02,0.75,13055,259197,0,0,359,27008,455.2,22704,-73,4,44.31804,-68.92741,4,-0.077,1
"2025-07-18 08:00:00",360,13.55,25.19,28,-65.06,-65,204,36594,11.02,0.75,13055,259917,0,0,360,27008,513,22762,-69,4,44.31804,-68.92741,4,-0.05,1
"2025-07-18 09:00:00",361,13.55,24.79,29,-106.7,137,203,36594,11.02,0.75,13055,260637,0,0,361,27008,566.8,22815,-77,4,44.31797,-68.9273,4,-0.035,1
"2025-07-18 10:00:00",362,13.59,25.31,28,136.9,137,204,36594,11.02,0.75,13055,261357,0,0,362,27008,624.5,22873,-73,4,44.31799,-68.92738,5,-0.022,1
"2025-07-18 11:00:00",363,13.58,25.04,28,66.03,85,204,36594,11.02,0.75,13055,262077,0,0,363,27008,682.2,22931,-71,4,44.31801,-68.92736,4,-0.011,1
"2025-07-18 12:00:00",364,13.59,25.27,28,85,95,204,36594,11.02,0.75,13055,262797,0,0,364,27008,742.5,22991,-73,4,44.31794,-68.92751,4,-0.007,1
"2025-07-18 13:00:00",365,13.58,25.7,29,95,95,211,36594,11.02,0.75,13055,263517,0,0,365,27008,805,23053,-65,4,44.31806,-68.92712,4,-0.007,1
"2025-07-18 14:00:00",366,13.59,26.3,29,78,81,204,36594,11.02,0.75,13055,264237,0,0,366,27008,864,23113,-91,4,44.31798,-68.92738,5,-0.002,1
"2025-07-18 15:00:00",367,13.6,26.74,29,81,95,204,36594,11.02,0.75,13055,264957,0,0,367,27008,921,23170,-69,4,44.31798,-68.92738,5,0.017,1
"2025-07-18 16:00:00",368,13.57,28.51,28,95,95,203,36594,11.02,0.75,13055,265677,0,0,368,27008,976,23225,-65,4,44.31796,-68.92741,4,0.018,1
"2025-07-18 17:00:00",369,13.54,28.74,29,94,100,204,36594,11.02,0.75,13055,266397,0,0,369,27008,1032,23280,-65,4,44.318,-68.92735,4,0.019,1
"2025-07-18 18:00:00",370,13.54,27.23,28,100,100,204,36594,11.02,0.75,13055,267117,0,0,370,27008,1089,23338,-65,4,44.31802,-68.92733,4,0.039,1
"2025-07-18 19:00:00",371,13.54,27.25,29,66.04,97,211,36594,11.02,0.75,13055,267837,0,0,371,27008,1146,23395,-69,4,44.31802,-68.92738,6,0.039,1
"2025-07-18 20:00:00",372,13.52,26.07,29,97,121,210,36594,11.02,0.75,13055,268557,0,0,372,27008,1205,23454,-71,4,44.318,-68.92742,4,0.039,1
"2025-07-18 21:00:00",373,13.34,22.35,30,121,154,211,36594,11.02,0.75,13055,269277,0,0,373,27008,1270,23519,-69,4,44.31802,-68.9274,4,0.047,1
"2025-07-18 22:00:00",374,13.27,20.81,29,154,154,209,36594,11.02,0.75,13055,269997,0,0,374,27008,1328,23577,-63,4,44.31799,-68.9275,4,0.047,1
"2025-07-18 23:00:00",375,13.25,20.52,30,147,147,203,36594,11.02,0.75,13055,270717,0,0,375,27008,1386,23634,-69,4,44.31797,-68.92747,4,0.047,1
"2025-07-19 00:00:00",376,13.24,19.73,30,147,147,203,36594,11.02,0.75,13055,271437,0,0,376,27008,0.012,23698,-73,4,44.31796,-68.92749,5,0.047,1
"2025-07-19 01:00:00",377,13.24,19.1,30,145,154,204,36594,11.02,0.75,13055,272157,0,0,377,27008,66.63,23764,-73,4,44.31798,-68.92741,4,0.048,1
"2025-07-19 02:00:00",378,13.24,18.51,30,154,154,204,36594,11.02,0.75,13055,272877,0,0,378,27008,123.7,23821,-67,4,44.31799,-68.92741,4,0.048,1
"2025-07-19 03:00:00",379,13.2,18.33,30,143,148,204,36594,11.02,0.75,13055,273597,0,0,379,27008,183.8,23881,-75,4,44.31816,-68.92751,4,0.06,1
"2025-07-19 04:00:00",380,13.2,18.17,30,148,148,204,36594,11.02,0.75,13055,274317,0,0,380,27008,243.9,23942,-73,4,"NAN","NAN",4,0.06,1
"2025-07-19 05:00:00",381,13.22,17.7,30,145,145,212,36594,11.02,0.75,13055,275037,0,0,381,27008,301,23999,-69,4,44.31815,-68.92741,7,0.06,1
"2025-07-19 06:00:00",382,13.43,21.01,29,128.8,129,211,36594,11.02,0.75,13055,275757,0,0,382,27008,360.4,24058,-71,4,44.3181,-68.92737,4,0.06,1
"2025-07-19 07:00:00",383,13.44,25.39,29,-29.89,51,204,36594,11.02,0.75,13055,276477,0,0,383,27008,419.3,24117,-71,4,44.31801,-68.92739,4,0.06,1
"2025-07-19 08:00:00",384,13.5,27.04,29,50.92,51,211,36594,11.02,0.75,13055,277197,0,0,384,27008,474.3,24172,-67,4,44.31804,-68.92741,4,0.064,1
"2025-07-19 09:00:00",385,13.55,26.19,29,-8.75,169,203,36594,11.02,0.75,13055,277917,0,0,385,27008,532.2,24230,-69,4,44.31804,-68.92738,4,0.072,1
"2025-07-19 10:00:00",386,13.49,31.82,28,168.9,169,204,36594,11.02,0.75,13055,278637,0,0,386,27008,591.9,24290,-69,4,44.31801,-68.92741,7,0.079,1
"2025-07-19 11:00:00",387,13.52,27.05,29,89.9,90,203,36594,11.02,0.75,13055,279357,0,0,387,27008,646.3,24344,-71,4,44.31802,-68.92745,4,0.079,1
"2025-07-19 12:00:00",388,13.54,26.74,29,44.02,58,203,36594,11.02,0.75,13055,280077,0,0,388,27008,702,24400,-69,4,44.31802,-68.92728,4,0.079,1
"2025-07-19 13:00:00",389,13.53,27.02,29,58.04,88,204,36594,11.02,0.75,13055,280797,0,0,389,27008,757,24455,-69,4,44.31808,-68.92728,4,0.079,1
"2025-07-19 14:00:00",390,13.57,26.5,29,88,88,204,36594,11.02,0.75,13055,281517,0,0,390,27008,821,24519,-75,4,44.31808,-68.92728,4,0.06,1
"2025-07-19 15:00:00",391,13.57,25.21,28,61,61,211,36594,11.02,0.75,13055,282237,0,0,391,27008,881,24578,-73,4,44.31808,-68.92728,4,0.06,1
"2025-07-19 16:00:00",392,13.56,24.69,28,60.99,61,203,36594,11.02,0.75,13055,282957,0,0,392,27008,939,24636,-69,4,44.31808,-68.92728,4,0.057,1
"2025-07-19 17:00:00",393,13.59,24.98,28,51.02,66,204,36594,11.02,0.75,13055,283677,0,0,393,27008,998,24696,-69,4,44.31808,-68.92728,4,0.057,1
"2025-07-19 18:00:00",394,13.59,25.19,28,65.98,66,211,36594,11.02,0.75,13055,284397,0,0,394,27008,1063,24760,-71,4,44.31813,-68.92742,5,0.057,1
"2025-07-19 19:00:00",395,13.59,24.15,29,50,53,204,36594,11.02,0.75,13055,285117,0,0,395,27008,1121,24819,-73,4,44.31815,-68.9273,4,0.057,1
"2025-07-19 20:00:00",396,13.49,21.96,29,53.09,117,203,36594,11.02,0.75,13055,285837,0,0,396,27008,1185,24883,-75,4,44.31816,-68.92737,4,0.032,1
"2025-07-19 21:00:00",397,13.32,20.99,30,117,117,211,36594,11.02,0.75,13055,286557,0,0,397,27008,1243,24941,-71,4,44.31819,-68.92741,5,0.026,1
"2025-07-19 22:00:00",398,13.26,20.51,30,99,118,204,36594,11.02,0.75,13055,287277,0,0,398,27008,1306,25004,-75,4,44.31816,-68.92736,4,0.026,1
"2025-07-19 23:00:00",399,13.22,20.29,30,118.1,172,204,36594,11.02,0.75,13055,287997,0,0,399,27008,1371,25069,-77,4,44.31816,-68.92742,4,0.028,1
"2025-07-20 00:00:00",400,13.21,20.51,30,172.1,256,211,36594,11.02,0.75,13055,288717,0,0,400,27008,0.012,25134,-75,4,44.3182,-68.92742,5,0.024,1
"2025-07-20 01:00:00",401,13.24,20.38,30,255.8,256,204,36594,11.02,0.75,13055,289437,0,0,401,27008,62.72,25197,-77,4,44.3182,-68.92736,4,0.024,1
"2025-07-20 02:00:00",402,13.21,20.01,30,114,149,204,36594,11.02,0.75,13055,290157,0,0,402,27008,129.6,25264,-81,4,44.3182,-68.9274,4,0.019,1
"2025-07-20 03:00:00",403,13.24,20.2,30,149,149,204,36594,11.02,0.75,13055,290877,0,0,403,27008,194.4,25329,-75,4,44.31827,-68.92734,4,0.019,1
"2025-07-20 04:00:00",404,13.2,20.47,30,128.1,168,203,36594,11.02,0.75,13055,291597,0,0,404,27008,258.5,25393,-83,4,44.31817,-68.92735,5,0.007,1
"2025-07-20 05:00:00",405,13.23,20.65,30,167.9,168,210,36594,11.02,0.75,13055,292317,0,0,405,27008,319.8,25454,-77,4,44.3182,-68.92738,4,0.007,1
"2025-07-20 06:00:00",406,13.21,20.38,30,113.1,157,204,36594,11.02,0.75,13055,293037,0,0,406,27008,387.2,25521,-77,4,44.31817,-68.92738,4,-0.007,1
"2025-07-20 07:00:00",407,13.29,20.8,30,156.9,157,203,36594,11.02,0.75,13055,293757,0,0,407,27008,445.9,25580,-77,4,44.31817,-68.92735,4,-0.007,1
"2025-07-20 08:00:00",408,13.42,22.63,30,62.91,63,204,36594,11.02,0.75,13055,294477,0,0,408,27008,502.4,25637,-73,4,"NAN","NAN",4,-0.008,1
"2025-07-20 09:00:00",409,13.56,26.25,29,-5.239,-5,204,36594,11.02,0.75,13055,295197,0,0,409,27008,561.1,25695,-79,4,"NAN","NAN",4,-0.008,1
"2025-07-20 10:00:00",410,13.58,25.89,29,-176.7,74,211,36594,11.02,0.75,13055,295917,0,0,410,27008,620.1,25754,-79,4,"NAN","NAN",4,-0.009,1
"2025-07-20 11:00:00",411,13.56,25.92,29,73.98,74,207,36594,11.02,0.75,13055,296637,0,0,411,27008,680.4,25815,-57,13,44.31814,-68.92744,4,-0.009,1
"2025-07-20 12:00:00",412,13.56,26.03,29,63.01,70,204,36594,11.02,0.75,13055,297357,0,0,412,27008,740,25874,-57,13,44.31819,-68.92746,4,-0.009,1
"2025-07-20 13:00:00",413,13.57,26.27,29,69.99,70,212,36594,11.02,0.75,13055,298077,0,0,413,27008,799.7,25934,-71,4,44.31819,-68.92746,4,-0.009,1
"2025-07-20 14:00:00",414,13.56,24.65,29,63,63,204,36594,11.02,0.75,13055,298797,0,0,414,27008,859,25993,-71,4,44.31819,-68.92746,4,-0.027,1
"2025-07-20 15:00:00",415,13.43,21.75,30,62.04,93,203,36594,11.02,0.75,13055,299517,0,0,415,27008,919,26053,-67,4,44.31824,-68.92741,4,-0.027,1
"2025-07-20 16:00:00",416,13.3,21.33,30,93.1,139,203,36594,11.02,0.75,13055,300237,0,0,416,27008,974,26108,-69,4,44.31793,-68.92741,4,-0.052,1
"2025-07-20 17:00:00",417,13.35,21.18,30,138.9,139,204,36594,11.02,0.75,13055,300957,0,0,417,27008,1035,26169,-75,4,44.31814,-68.92737,5,-0.052,1
"2025-07-20 18:00:00",418,13.4,21.41,30,81.1,136,203,36594,11.02,0.75,13055,301677,0,0,418,27008,1093,26227,-71,4,44.31816,-68.92751,4,-0.052,1
"2025-07-20 19:00:00",419,13.34,21.45,30,136,141,204,36594,11.02,0.75,13055,302397,0,0,419,27008,1154,26288,-65,4,44.31807,-68.92738,5,-0.052,1
"2025-07-20 20:00:00",420,13.27,20.44,30,141,141,203,36594,11.02,0.75,13055,303117,0,0,420,27008,1208,26343,-73,4,44.31813,-68.9274,5,-0.068,1
"2025-07-20 21:00:00",421,13.25,20.29,30,125,146,210,36594,11.02,0.75,13055,303837,0,0,421,27008,1267,26402,-63,4,44.31812,-68.92751,5,-0.068,1
"2025-07-20 22:00:00",422,13.23,20.16,30,146,180,203,36594,11.02,0.75,13055,304557,0,0,422,27008,1329,26463,-69,4,44.31801,-68.92752,5,-0.068,1
"2025-07-20 23:00:00",423,13.22,20.02,31,180,200,203,36594,11.02,0.75,13055,305277,0,0,423,27008,1387,26522,-73,4,44.31806,-68.92741,4,-0.068,1
"2025-07-21 00:00:00",424,13.24,20.02,31,199.9,200,204,36594,11.02,0.75,13055,305997,0,0,424,27008,0.011,26583,-71,4,"NAN","NAN",4,-0.068,1
"2025-07-21 01:00:00",425,13.22,20.21,31,151.1,190,204,36594,11.02,0.75,13055,306717,0,0,425,27008,54.52,26638,-71,4,44.31803,-68.92739,4,-0.068,1
"2025-07-21 02:00:00",426,13.23,20.16,31,189.9,190,204,36594,11.02,0.75,13055,307437,0,0,426,27008,113,26696,-69,4,44.31799,-68.92735,6,-0.068,1
"2025-07-21 03:00:00",427,13.23,19.76,31,145,159,204,36594,11.02,0.75,13055,308157,0,0,427,27008,176.3,26760,-67,4,44.31804,-68.92735,5,-0.068,1
"2025-07-21 04:00:00",428,13.23,19.64,31,159,159,211,36594,11.02,0.75,13055,308877,0,0,428,27008,239,26822,-57,13,44.318,-68.92734,5,-0.078,1
"2025-07-21 05:00:00",429,13.23,19.53,31,151,151,204,36594,11.02,0.75,13055,309597,0,0,429,27008,295.9,26879,-71,4,44.31818,-68.92737,4,-0.078,1
"2025-07-21 06:00:00",430,13.27,20.09,30,143,143,204,36594,11.02,0.75,13055,310317,0,0,430,27008,351.7,26935,-71,4,44.31807,-68.9273,5,-0.078,1
"2025-07-21 07:00:00",431,13.44,21.62,30,106.8,107,203,36594,11.02,0.75,13055,311037,0,0,431,27008,403.7,26987,-75,4,44.31807,-68.92738,6,-0.078,1
"2025-07-21 08:00:00",432,13.47,22.98,30,-46.97,-25,211,36594,11.02,0.75,13055,311757,0,0,432,27008,458.7,27042,-73,4,44.31807,-68.92738,6,-0.074,1
"2025-07-21 09:00:00",433,13.48,22.77,29,-25.01,-25,203,36594,11.02,0.75,13055,312477,0,0,433,27008,513.6,27097,-71,4,44.31807,-68.92738,6,-0.06,1
"2025-07-21 10:00:00",434,13.57,22.33,29,-32.9,36,203,36594,11.02,0.75,13055,313197,0,0,434,27008,564.6,27148,-69,4,44.31807,-68.92738,6,-0.036,1
"2025-07-21 11:00:00",435,13.62,22.81,29,36.04,68,203,36594,11.02,0.75,13055,313917,0,0,435,27008,619.1,27202,-69,4,44.31805,-68.92738,4,-0.036,1
"2025-07-21 12:00:00",436,13.62,22.79,29,68.01,76,211,36594,11.02,0.75,13055,314637,0,0,436,27008,674.4,27258,-69,4,44.31801,-68.9274,4,-0.036,1
"2025-07-21 13:00:00",437,13.62,22.59,29,76,79,203,36594,11.02,0.75,13055,315357,0,0,437,27008,733.3,27317,-67,4,44.31801,-68.9274,4,-0.028,1
"2025-07-21 14:00:00",438,13.62,23.01,30,78.99,79,204,36594,11.02,0.75,13055,316077,0,0,438,27008,799.5,27383,-71,4,44.31799,-68.92735,4,-0.024,1
"2025-07-21 15:00:00",439,13.62,23.7,30,74,74,210,36594,11.02,0.75,13055,316797,0,0,439,27008,860,27443,-73,4,44.31799,-68.9273,4,-0.021,1
"2025-07-21 16:00:00",440,13.61,24,29,71.02,83,209,36594,11.02,0.75,13055,317517,0,0,440,27008,915,27498,-65,4,44.31799,-68.9273,4,-0.021,1
"2025-07-21 17:00:00",441,13.62,24.45,29,83,83,204,36594,11.02,0.75,13055,318237,0,0,441,27008,976,27559,-67,4,44.31799,-68.9273,4,-0.016,1
"2025-07-21 18:00:00",442,13.61,24.76,29,72.06,114,204,36594,11.02,0.75,13055,318957,0,0,442,27008,1037,27621,-71,4,44.31799,-68.9273,4,-0.016,1
"2025-07-21 19:00:00",443,13.62,24.74,30,114,114,204,36594,11.02,0.75,13055,319677,0,0,443,27008,1093,27677,-75,4,44.31806,-68.92741,4,-0.015,1
"2025-07-21 20:00:00",444,13.56,22.33,30,83.1,151,203,36594,11.02,0.75,13055,320397,0,0,444,27008,1149,27732,-67,4,44.31804,-68.92741,6,-0.015,1
"2025-07-21 21:00:00",445,13.36,20.19,31,151,151,203,36594,11.02,0.75,13055,321117,0,0,445,27008,1209,27792,-67,4,44.31804,-68.92738,5,-0.007,1
"2025-07-21 22:00:00",446,13.27,19.62,31,140,140,204,36594,11.02,0.75,13055,321837,0,0,446,27008,1271,27854,-67,4,44.31804,-68.92738,5,-0.001,1
"2025-07-21 23:00:00",447,13.22,19.18,31,128.1,192,203,36594,11.02,0.75,13055,322557,0,0,447,27008,1330,27913,-75,4,44.31806,-68.92736,4,0.001,1
"2025-07-22 00:00:00",448,13.24,18.67,30,191.9,192,204,36594,11.02,0.75,13055,323277,0,0,448,27008,0,27972,-73,4,44.31806,-68.9274,4,0.001,1
"2025-07-22 01:00:00",449,13.22,18.01,31,148,179,204,36594,11.02,0.75,13055,323997,0,0,449,27008,59.75,28032,-75,4,44.31804,-68.92739,4,0.015,1
"2025-07-22 02:00:00",450,13.24,18.18,31,179,179,210,36594,11.02,0.75,13055,324717,0,0,450,27008,118.1,28091,-69,4,44.31796,-68.92741,6,0.017,1
"2025-07-22 03:00:00",451,13.22,17.61,31,148,148,203,36594,11.02,0.75,13055,325437,0,0,451,27008,176.3,28149,-67,4,44.31799,-68.92742,4,0.027,1
"2025-07-22 04:00:00",452,13.21,17.48,31,146.1,209,204,36594,11.02,0.75,13055,326157,0,0,452,27008,240.2,28213,-67,4,44.31798,-68.92735,4,0.027,1
"2025-07-22 05:00:00",453,13.21,17.17,31,208.9,209,203,36594,11.02,0.75,13055,326877,0,0,453,27008,301.5,28275,-71,4,44.31803,-68.92731,4,0.034,1
"2025-07-22 06:00:00",454,13.3,18.5,30,159,159,204,36594,11.02,0.75,13055,327597,0,0,454,27008,364.6,28338,-71,4,44.31799,-68.9273,5,0.034,1
"2025-07-22 07:00:00",455,13.47,22.39,30,154.8,155,204,36594,11.02,0.75,13055,328317,0,0,455,27008,420.7,28395,-65,4,44.31804,-68.92729,4,0.039,1
"2025-07-22 08:00:00",456,13.54,24.34,30,-4.871,88,203,36594,11.02,0.75,13055,329037,0,0,456,27008,480,28454,-65,4,44.31817,-68.9274,4,0.041,1
"2025-07-22 09:00:00",457,13.6,24.46,30,88,88,203,36594,11.02,0.75,13055,329757,0,0,457,27008,536.4,28511,-61,13,44.31788,-68.92727,4,0.066,1
"2025-07-22 10:00:00",458,13.6,24.82,29,84,84,204,36594,11.02,0.75,13055,330477,0,0,458,27008,595.4,28570,-73,4,44.31803,-68.92741,5,0.066,1
"2025-07-22 11:00:00",459,13.6,26.85,29,84,94,204,36594,11.02,0.75,13055,331197,0,0,459,27008,650,28625,-55,13,44.31807,-68.92742,5,0.079,1
"2025-07-22 12:00:00",460,13.57,26.33,29,94,94,204,36594,11.02,0.75,13055,331917,0,0,460,27008,705.3,28680,-65,4,44.31804,-68.92745,5,0.08,1
"2025-07-22 13:00:00",461,13.57,26.36,30,90,90,211,36594,11.02,0.75,13055,332637,0,0,461,27008,770,28745,-67,4,44.31803,-68.92738,4,0.081,1
"2025-07-22 14:00:00",462,13.57,28.72,29,84,84,203,36594,11.02,0.75,13055,333357,0,0,462,27008,829,28805,-69,4,44.318,-68.92747,5,0.081,1
"2025-07-22 15:00:00",463,13.56,25.61,30,71.95,72,204,36594,11.02,0.75,13055,334077,0,0,463,27008,888,28864,-65,4,44.31803,-68.92752,6,0.081,1
"2025-07-22 16:00:00",464,13.56,24.83,30,36.01,45,204,36594,11.02,0.75,13055,334797,0,0,464,27008,943,28919,-73,4,44.3181,-68.92734,5,0.081,1
"2025-07-22 17:00:00",465,13.6,24.84,30,44.99,45,204,36594,11.02,0.75,13055,335517,0,0,465,27008,1000,28976,-77,4,44.3181,-68.92734,5,0.078,1
"2025-07-22 18:00:00",466,13.6,23.94,29,37.01,42,204,36594,11.02,0.75,13055,336237,0,0,466,27008,1056,29033,-77,4,44.3182,-68.92736,5,0.076,1
"2025-07-22 19:00:00",467,13.6,23.18,29,42.03,61,204,36594,11.02,0.75,13055,336957,0,0,467,27008,1114,29091,-71,4,44.31817,-68.92737,4,0.076,1
"2025-07-22 20:00:00",468,13.52,20.29,30,61.07,114,204,36594,11.02,0.75,13055,337677,0,0,468,27008,1226,29204,-73,4,44.31822,-68.92738,4,0.074,1
"2025-07-22 21:00:00",469,13.33,18.84,30,114,136,203,36594,11.02,0.75,13055,338397,0,0,469,27008,1285,29262,-69,4,44.31816,-68.92735,5,0.074,1
"2025-07-22 22:00:00",470,13.25,18.51,31,136,136,203,36594,11.02,0.75,13055,339117,0,0,470,27008,1347,29325,-69,4,44.31805,-68.92735,4,0.074,1
"2025-07-22 23:00:00",471,13.23,18.43,31,129,135,204,36594,11.02,0.75,13055,339837,0,0,471,27008,1411,29389,-65,4,44.31807,-68.92738,5,0.074,1
"2025-07-23 00:00:00",472,13.23,18.13,31,135,147,203,36594,11.02,0.75,13055,340557,0,0,472,27008,0.095,29447,-69,4,44.31806,-68.92737,5,0.075,1
"2025-07-23 01:00:00",473,13.23,18.26,31,147,147,211,36594,11.02,0.75,13055,341277,0,0,473,27008,59.95,29507,-69,4,44.31804,-68.92735,4,0.08,1
"2025-07-23 02:00:00",474,13.23,18.16,31,142,149,203,36594,11.02,0.75,13055,341997,0,0,474,27008,119.8,29568,-63,4,44.31804,-68.92751,4,0.084,1
"2025-07-23 03:00:00",475,13.23,17.87,31,149,149,204,36594,11.02,0.75,13055,342717,0,0,475,27008,182,29630,-75,4,44.31804,-68.92754,4,0.087,1
"2025-07-23 04:00:00",476,13.22,17.3,31,147,147,204,36594,11.02,0.75,13055,343437,0,0,476,27008,243.3,29692,-57,13,44.31788,-68.92735,4,0.087,1
"2025-07-23 05:00:00",477,13.2,17.13,31,136.1,175,204,36594,11.02,0.75,13055,344157,0,0,477,27008,305.9,29755,-69,4,44.31812,-68.9275,4,0.091,1
"2025-07-23 06:00:00",478,13.4,18.35,31,174.7,175,211,36594,11.02,0.75,13055,344877,0,0,478,27008,362.8,29812,-65,4,44.31817,-68.92744,4,0.099,1
"2025-07-23 07:00:00",479,13.54,21.58,30,-43.14,-43,204,36594,11.02,0.75,13055,345597,0,0,479,27008,417.4,29867,-69,4,44.31817,-68.92738,5,0.099,1
"2025-07-23 08:00:00",480,13.6,25.84,29,-142,-142,203,36594,11.02,0.75,13055,346317,0,0,480,27008,471.6,29921,-75,4,44.31819,-68.92738,4,0.101,1
"2025-07-23 09:00:00",481,13.54,28.74,29,-161.6,102,204,36594,11.02,0.75,13055,347037,0,0,481,27008,525.8,29975,-51,13,44.31816,-68.92734,4,0.104,1
"2025-07-23 10:00:00",482,13.54,29.09,29,102,102,203,36594,11.02,0.75,13055,347757,0,0,482,27008,578,30028,-69,4,44.31809,-68.92733,5,0.115,1
"2025-07-23 11:00:00",483,13.53,30.41,29,82,85,203,36594,11.02,0.75,13055,348477,0,0,483,27008,637.1,30087,-91,4,44.31807,-68.92735,4,0.121,1
"2025-07-23 12:00:00",484,13.5,28.83,28,85,103,203,36594,11.02,0.75,13055,349197,0,0,484,27008,697.7,30148,-67,4,44.31805,-68.92738,4,0.125,1
"2025-07-23 13:00:00",485,13.53,26.83,30,102.9,103,204,36594,11.02,0.75,13055,349917,0,0,485,27008,760.1,30211,-65,4,44.31799,-68.92738,4,0.125,1
"2025-07-23 14:00:00",486,13.56,25.49,30,63.98,64,204,36594,11.02,0.75,13055,350637,0,0,486,27008,820,30271,-71,4,44.31802,-68.92744,5,0.125,1
"2025-07-23 15:00:00",487,13.57,25.54,30,52,52,211,36594,11.02,0.75,13055,351357,0,0,487,27008,884,30335,-67,4,"NAN","NAN",4,0.125,1
"2025-07-23 16:00:00",488,13.55,25.43,30,49.03,74,204,36594,11.02,0.75,13055,352077,0,0,488,27008,946,30398,-73,4,"NAN","NAN",4,0.125,1
"2025-07-23 17:00:00",489,13.59,26.8,30,73.97,74,204,36594,11.02,0.75,13055,352797,0,0,489,27008,1005,30457,-69,4,"NAN","NAN",4,0.125,1
"2025-07-23 18:00:00",490,13.6,26.27,30,49,50,204,36594,11.02,0.75,13055,353517,0,0,490,27008,1067,30519,-79,4,44.31819,-68.9274,5,0.108,1
"2025-07-23 19:00:00",491,13.59,26.07,30,50.01,55,204,36594,11.02,0.75,13055,354237,0,0,491,27008,1126,30579,-71,4,44.31822,-68.92738,4,0.108,1
"2025-07-23 20:00:00",492,13.51,23.2,31,55.07,106,203,36594,11.02,0.75,13055,354957,0,0,492,27008,1184,30637,-73,4,44.3182,-68.92738,5,0.108,1
"2025-07-23 21:00:00",493,13.29,21.26,31,106.1,175,203,36594,11.02,0.75,13055,355677,0,0,493,27008,1244,30697,-71,4,44.3182,-68.92737,5,0.108,1
"2025-07-23 22:00:00",494,13.26,20.54,31,174.9,175,203,36594,11.02,0.75,13055,356397,0,0,494,27008,1306,30759,-71,4,"NAN","NAN",4,0.108,1
"2025-07-23 23:00:00",495,13.24,20.5,31,121,121,211,36594,11.02,0.75,13055,357117,0,0,495,27008,1368,30821,-73,4,"NAN","NAN",4,0.108,1
"2025-07-24 00:00:00",496,13.24,20.1,31,109,109,203,36594,11.02,0.75,13055,357837,0,0,496,27008,0.03,30880,-69,4,44.31822,-68.92736,5,0.098,1
"2025-07-24 01:00:00",497,13.24,19.85,31,102,102,211,36594,11.02,0.75,13055,358557,0,0,497,27008,57.95,30938,-81,4,44.31816,-68.92741,5,0.098,1
"2025-07-24 02:00:00",498,13.24,19.88,31,99,118,203,36594,11.02,0.75,13055,359277,0,0,498,27008,118.4,30999,-77,4,44.31822,-68.92731,4,0.083,1
"2025-07-24 03:00:00",499,13.24,19.69,32,118,118,204,36594,11.02,0.75,13055,359997,0,0,499,27008,177.2,31058,-75,4,44.31819,-68.92744,4,0.083,1
"2025-07-24 04:00:00",500,13.23,19.55,32,112,119,211,36594,11.02,0.75,13055,360717,0,0,500,27008,235.6,31117,-71,4,44.31822,-68.92747,5,0.083,1
"2025-07-24 05:00:00",501,13.23,19.31,32,119,119,204,36594,11.02,0.75,13055,361437,0,0,501,27008,293.5,31175,-57,13,44.3182,-68.92747,4,0.083,1
"2025-07-24 06:00:00",502,13.3,20.06,31,119,119,204,36594,11.02,0.75,13055,362157,0,0,502,27008,349.4,31231,-79,4,44.31824,-68.92747,5,0.076,1
"2025-07-24 07:00:00",503,13.42,23.51,31,82.9,83,204,36594,11.02,0.75,13055,362877,0,0,503,27008,406.8,31289,-75,4,44.3182,-68.92741,4,0.076,1
"2025-07-24 08:00:00",504,13.51,24.75,30,11.88,12,204,36594,11.02,0.75,13055,363597,0,0,504,27008,468,31350,-71,4,44.31822,-68.92739,5,0.076,1
"2025-07-24 09:00:00",505,13.6,25.87,31,-76.8,65,204,36594,11.02,0.75,13055,364317,0,0,505,27008,526,31408,-91,4,44.31818,-68.92747,4,0.078,1
"2025-07-24 10:00:00",506,13.58,27.04,30,65,66,211,36594,11.02,0.75,13055,365037,0,0,506,27008,583.4,31466,-75,4,44.31805,-68.92738,4,0.083,1
"2025-07-24 11:00:00",507,13.57,26.36,30,65.99,66,203,36594,11.02,0.75,13055,365757,0,0,507,27008,641.3,31524,-71,4,44.31805,-68.92738,4,0.083,1
"2025-07-24 12:00:00",508,13.57,25.3,30,57.01,64,211,36594,11.02,0.75,13055,366477,0,0,508,27008,708.8,31592,-51,4,44.31811,-68.92738,4,0.083,1
"2025-07-24 13:00:00",509,13.56,25.35,30,64.03,84,203,36594,11.02,0.75,13055,367197,0,0,509,27008,775.4,31659,-79,4,44.31811,-68.92733,4,0.083,1
"2025-07-24 14:00:00",510,13.57,25.37,30,84,84,211,36594,11.02,0.75,13055,367917,0,0,510,27008,837,31721,-55,4,44.31815,-68.92742,4,0.063,1
"2025-07-24 15:00:00",511,13.56,25.65,30,59.01,69,204,36594,11.02,0.75,13055,368637,0,0,511,27008,903,31787,-71,4,44.31816,-68.92737,4,0.063,1
"2025-07-24 16:00:00",512,13.56,25.93,30,69,70,204,36594,11.02,0.75,13055,369357,0,0,512,27008,972,31856,-75,4,44.31823,-68.92744,6,0.043,1
"2025-07-24 17:00:00",513,13.59,26.33,30,69.98,70,204,36594,11.02,0.75,13055,370077,0,0,513,27008,1040,31925,-73,4,44.31823,-68.92745,4,0.043,1
"2025-07-24 18:00:00",514,13.6,25.65,30,56,56,204,36594,11.02,0.75,13055,370797,0,0,514,27008,1105,31990,-75,4,44.31822,-68.92741,5,0.034,1
"2025-07-24 19:00:00",515,13.6,24.75,30,53.01,61,203,36594,11.02,0.75,13055,371517,0,0,515,27008,1166,32051,-57,13,44.3182,-68.92736,4,0.034,1
"2025-07-24 20:00:00",516,13.51,23.3,30,61.13,154,203,36594,11.02,0.75,13055,372237,0,0,516,27008,1229,32115,-75,4,44.3182,-68.92736,4,0.011,1
"2025-07-24 21:00:00",517,13.33,22.17,31,154,154,204,36594,11.02,0.75,13055,372957,0,0,517,27008,1293,32179,-73,4,44.3182,-68.92736,5,0.011,1
"2025-07-24 22:00:00",518,13.26,21.41,31,135,142,211,36594,11.02,0.75,13055,373677,0,0,518,27008,1358,32244,-75,4,44.31819,-68.92738,4,0.001,1
"2025-07-24 23:00:00",519,13.25,21.33,32,142,142,204,36594,11.02,0.75,13055,374397,0,0,519,27008,1421,32308,-79,4,44.31819,-68.92738,4,0.001,1
"2025-07-25 00:00:00",520,13.25,21.5,32,129,151,210,36594,11.02,0.75,13055,375117,0,0,520,27008,0.061,32374,-73,4,44.31819,-68.92738,4,-0.003,1
"2025-07-25 01:00:00",521,13.24,21.49,32,151,151,203,36594,11.02,0.75,13055,375837,0,0,521,27008,90.2,32464,-75,4,44.31819,-68.92738,4,-0.006,1
"2025-07-25 02:00:00",522,13.23,21.25,32,127,138,203,36594,11.02,0.75,13055,376557,0,0,522,27008,148.8,32523,-75,4,44.31814,-68.92754,5,-0.009,1
"2025-07-25 03:00:00",523,13.24,20.95,32,137.9,138,204,36594,11.02,0.75,13055,377277,0,0,523,27008,209.2,32584,-79,4,44.31802,-68.92756,4,-0.009,1
"2025-07-25 04:00:00",524,13.24,20.27,32,101,114,204,36594,11.02,0.75,13055,377997,0,0,524,27008,271.3,32646,-75,4,44.31807,-68.92744,5,-0.009,1
"2025-07-25 05:00:00",525,13.23,20.13,32,114,149,204,36594,11.02,0.75,13055,378717,0,0,525,27008,339.2,32714,-71,4,44.31806,-68.92738,5,-0.018,1
"2025-07-25 06:00:00",526,13.29,20.53,32,148.9,149,203,36594,11.02,0.75,13055,379437,0,0,526,27008,405.9,32781,-65,4,44.31806,-68.92738,5,-0.018,1
"2025-07-25 07:00:00",527,13.36,22.69,31,83,83,210,36594,11.02,0.75,13055,380157,0,0,527,27008,468.8,32844,-81,4,44.31801,-68.92713,4,-0.02,1
"2025-07-25 08:00:00",528,13.38,21.18,31,64.97,65,210,36594,11.02,0.75,13055,380877,0,0,528,27008,526.9,32903,-53,13,44.31824,-68.92739,4,-0.02,1
"2025-07-25 09:00:00",529,13.46,22.64,31,39.93,40,203,36594,11.02,0.75,13055,381597,0,0,529,27008,585.5,32962,-75,4,44.31824,-68.92739,5,-0.021,1
"2025-07-25 10:00:00",530,13.6,26.72,30,-10.09,-10,204,36594,11.02,0.75,13055,382317,0,0,530,27008,640.8,33017,-75,4,44.31817,-68.92738,4,-0.021,1
"2025-07-25 11:00:00",531,13.57,26.42,30,-75.8,70,204,36594,11.02,0.75,13055,383037,0,0,531,27008,708,33085,-73,4,44.31809,-68.92731,5,-0.021,1
"2025-07-25 12:00:00",532,13.57,24.82,30,70.01,80,204,36594,11.02,0.75,13055,383757,0,0,532,27008,767.2,33144,-71,4,44.31811,-68.92735,4,-0.021,1
"2025-07-25 13:00:00",533,13.59,23.58,31,80,80,204,36594,11.02,0.75,13055,384477,0,0,533,27008,827,33205,-67,4,44.31811,-68.92732,6,-0.018,1
"2025-07-25 14:00:00",534,13.62,25.08,30,79.99,80,203,36594,11.02,0.75,13055,385197,0,0,534,27008,887,33264,-65,13,44.3181,-68.92739,5,-0.018,1
"2025-07-25 15:00:00",535,13.6,25.17,30,75.08,133,203,36594,11.02,0.75,13055,385917,0,0,535,27008,950,33328,-67,4,44.31804,-68.92742,5,-0.018,1
"2025-07-25 16:00:00",536,13.62,25.52,31,132.9,133,204,36594,11.02,0.75,13055,386637,0,0,536,27008,1011,33389,-71,4,44.31798,-68.92763,4,-0.018,1
"2025-07-25 17:00:00",537,13.52,29.29,31,86,105,210,36594,11.02,0.75,13055,387357,0,0,537,27008,1074,33453,-55,13,44.31791,-68.92719,5,-0.036,1
"2025-07-25 18:00:00",538,13.52,27.62,31,105,105,204,36594,11.02,0.75,13055,388077,0,0,538,27008,1138,33517,-67,4,44.31807,-68.92728,4,-0.036,1
"2025-07-25 19:00:00",539,13.54,26.47,31,85,85,210,36594,11.02,0.75,13055,388797,0,0,539,27008,1203,33582,-71,4,44.31799,-68.92735,4,-0.036,1
"2025-07-25 20:00:00",540,13.5,25,31,82.1,125,204,36594,11.02,0.75,13055,389517,0,0,540,27008,1270,33649,-63,4,44.31808,-68.92728,4,-0.024,1
"2025-07-25 21:00:00",541,13.33,23.52,31,125,148,204,36594,11.02,0.75,13055,390237,0,0,541,27008,1343,33722,-65,4,44.31804,-68.92739,5,-0.015,1
"2025-07-25 22:00:00",542,13.25,23.03,32,148.1,186,203,36594,11.02,0.75,13055,390957,0,0,542,27008,1406,33786,-69,4,44.31809,-68.92748,5,-0.015,1
"2025-07-25 23:00:00",543,13.25,23.31,32,186,186,204,36594,11.02,0.75,13055,391677,0,0,543,27008,1474,33854,-77,4,44.31814,-68.92738,6,-0.003,1
"2025-07-26 00:00:00",544,13.25,22.54,32,162,162,204,36594,11.02,0.75,13055,392397,0,0,544,27008,0,33916,-67,4,44.3181,-68.92747,4,-0.003,1
"2025-07-26 01:00:00",545,13.24,21.84,32,146,151,204,36594,11.02,0.75,13055,393117,0,0,545,27008,66.26,33983,-65,4,44.31805,-68.92744,4,-0.003,1
"2025-07-26 02:00:00",546,13.24,20.87,32,151,151,203,36594,11.02,0.75,13055,393837,0,0,546,27008,126.9,34044,-67,4,44.31805,-68.92744,4,0.009,1
"2025-07-26 03:00:00",547,13.24,19.91,32,148,148,204,36594,11.02,0.75,13055,394557,0,0,547,27008,195.4,34113,-71,4,44.31807,-68.92744,4,0.019,1
"2025-07-26 04:00:00",548,13.23,19.67,32,142,142,203,36594,11.02,0.75,13055,395277,0,0,548,27008,260.4,34178,-67,4,44.31799,-68.9274,4,0.022,1
"2025-07-26 05:00:00",549,13.23,19.18,32,141,157,211,36594,11.02,0.75,13055,395997,0,0,549,27008,321,34239,-71,4,44.31809,-68.92777,4,0.022,1
"2025-07-26 06:00:00",550,13.28,20.15,32,156.9,157,203,36594,11.02,0.75,13055,396717,0,0,550,27008,380.5,34298,-55,13,44.31801,-68.92751,6,0.034,1
"2025-07-26 07:00:00",551,13.46,24.26,31,113.8,114,204,36594,11.02,0.75,13055,397437,0,0,551,27008,445.7,34364,-73,4,44.31799,-68.92751,5,0.039,1
"2025-07-26 08:00:00",552,13.46,26.58,32,-12.98,0,210,36594,11.02,0.75,13055,398157,0,0,552,27008,511.4,34430,-71,4,44.31798,-68.92744,5,0.051,1
"2025-07-26 09:00:00",553,13.61,27.48,31,-0.067,0,211,36594,11.02,0.75,13055,398877,0,0,553,27008,572.6,34491,-73,4,44.31796,-68.92744,5,0.066,1
"2025-07-26 10:00:00",554,13.57,28.81,31,-47.82,80,210,36594,11.02,0.75,13055,399597,0,0,554,27008,635.4,34554,-71,4,44.31802,-68.92754,5,0.076,1
"2025-07-26 11:00:00",555,13.52,30.22,30,80,94,203,36594,11.02,0.75,13055,400317,0,0,555,27008,697.5,34617,-71,4,44.31808,-68.92752,4,0.076,1
"2025-07-26 12:00:00",556,13.49,31.36,30,94,94,204,36594,11.02,0.75,13055,401037,0,0,556,27008,757.8,34677,-65,4,44.31818,-68.92747,5,0.076,1
"2025-07-26 13:00:00",557,13.49,32.47,31,94,103,209,36594,11.02,0.75,13055,401757,0,0,557,27008,828,34747,-61,4,44.31804,-68.92747,5,0.076,1
"2025-07-26 14:00:00",558,13.46,31.9,31,103,103,204,36594,11.02,0.75,13055,402477,0,0,558,27008,889,34809,-69,4,44.31807,-68.92742,4,0.076,1
"2025-07-26 15:00:00",559,13.48,29.91,31,99.9,100,203,36594,11.02,0.75,13055,403197,0,0,559,27008,953,34873,-69,4,44.31802,-68.92741,4,0.076,1
"2025-07-26 16:00:00",560,13.49,29.07,30,56.01,60,203,36594,11.02,0.75,13055,403917,0,0,560,27008,1018,34939,-73,4,44.31806,-68.92737,4,0.072,1
"2025-07-26 17:00:00",561,13.5,27.49,31,59.99,60,203,36594,11.02,0.75,13055,404637,0,0,561,27008,1084,35006,-67,4,"NAN","NAN",4,0.072,1
"2025-07-26 18:00:00",562,13.54,26.1,31,55.03,74,204,36594,11.02,0.75,13055,405357,0,0,562,27008,1147,35069,-71,4,44.31818,-68.9274,4,0.057,1
"2025-07-26 19:00:00",563,13.57,25.89,31,73.98,74,204,36594,11.02,0.75,13055,406077,0,0,563,27008,1209,35131,-69,4,44.31809,-68.9273,4,0.057,1
"2025-07-26 20:00:00",564,13.45,22.86,31,59.07,111,204,36594,11.02,0.75,13055,406797,0,0,564,27008,1269,35191,-73,4,44.31815,-68.9273,4,0.057,1
"2025-07-26 21:00:00",565,13.31,22.69,32,111,117,204,36594,11.02,0.75,13055,407517,0,0,565,27008,1330,35253,-73,4,44.31819,-68.92736,4,0.057,1
"2025-07-26 22:00:00",566,13.26,22.38,32,117,117,203,36594,11.02,0.75,13055,408237,0,0,566,27008,1393,35315,-89,4,44.31815,-68.92738,4,0.047,1
"2025-07-26 23:00:00",567,13.23,22.1,32,114.1,181,204,36594,11.02,0.75,13055,408957,0,0,567,27008,1458,35381,-69,4,44.31815,-68.92738,4,0.047,1
"2025-07-27 00:00:00",568,13.24,21.53,32,180.9,181,204,36594,11.02,0.75,13055,409677,0,0,568,27008,0,35448,-65,4,44.31816,-68.92735,5,0.047,1
"2025-07-27 01:00:00",569,13.25,21.84,32,139,139,204,36594,11.02,0.75,13055,410397,0,0,569,27008,65.92,35514,-71,4,44.31808,-68.92735,5,0.047,1
"2025-07-27 02:00:00",570,13.24,20.97,32,121,138,203,36594,11.02,0.75,13055,411117,0,0,570,27008,136.7,35585,-69,4,44.31813,-68.92733,4,0.047,1
"2025-07-27 03:00:00",571,13.21,20.66,32,138.1,174,203,36594,11.02,0.75,13055,411837,0,0,571,27008,207.2,35656,-71,4,44.31808,-68.92738,4,0.047,1
"2025-07-27 04:00:00",572,13.24,20.72,32,173.9,174,210,36594,11.02,0.75,13055,412557,0,0,572,27008,276.4,35726,-75,4,44.31807,-68.92738,5,0.035,1
"2025-07-27 05:00:00",573,13.24,20.02,32,125,146,204,36594,11.02,0.75,13055,413277,0,0,573,27008,340.6,35790,-71,4,44.318,-68.92744,4,0.035,1
"2025-07-27 06:00:00",574,13.27,20.23,32,145.9,146,211,36594,11.02,0.75,13055,413997,0,0,574,27008,404.2,35854,-65,4,44.31799,-68.92741,5,0.035,1
"2025-07-27 07:00:00",575,13.42,22.86,31,94.9,95,211,36594,11.02,0.75,13055,414717,0,0,575,27008,467.9,35918,-73,4,44.31798,-68.92714,4,0.035,1
"2025-07-27 08:00:00",576,13.5,25.2,31,-2.108,-2,203,36594,11.02,0.75,13055,415437,0,0,576,27008,536.7,35987,-69,4,44.31816,-68.92733,4,0.039,1
"2025-07-27 09:00:00",577,13.58,25.8,31,-79.77,83,204,36594,11.02,0.75,13055,416157,0,0,577,27008,607.2,36058,-67,4,44.31824,-68.92741,4,0.044,1
"2025-07-27 10:00:00",578,13.59,26.1,31,83,83,203,36594,11.02,0.75,13055,416877,0,0,578,27008,676.4,36128,-67,4,44.3182,-68.92757,4,0.044,1
"2025-07-27 11:00:00",579,13.58,25.33,31,63,64,211,36594,11.02,0.75,13055,417597,0,0,579,27008,743.9,36196,-79,4,44.31823,-68.92741,5,0.044,1
"2025-07-27 12:00:00",580,13.59,24.07,31,64,67,203,36594,11.02,0.75,13055,418317,0,0,580,27008,805,36257,-77,4,44.3182,-68.92734,4,0.038,1
"2025-07-27 13:00:00",581,13.61,23.46,30,67.01,74,211,36594,11.02,0.75,13055,419037,0,0,581,27008,866,36318,-71,4,44.3182,-68.92738,4,0.038,1
"2025-07-27 14:00:00",582,13.62,23.17,31,73.99,74,204,36594,11.02,0.75,13055,419757,0,0,582,27008,928,36380,-75,4,44.3182,-68.92738,4,0.026,1
"2025-07-27 15:00:00",583,13.64,22.49,31,69,69,203,36594,11.02,0.75,13055,420477,0,0,583,27008,990,36442,-79,4,44.3182,-68.92739,4,0.026,1
"2025-07-27 16:00:00",584,13.64,22.8,31,69.01,74,204,36594,11.02,0.75,13055,421197,0,0,584,27008,1058,36511,-75,4,44.3182,-68.92738,4,0.015,1
"2025-07-27 17:00:00",585,13.64,22.58,31,74.01,84,212,36594,11.02,0.75,13055,421917,0,0,585,27008,1120,36574,-75,4,44.3182,-68.92738,4,0.015,1
"2025-07-27 18:00:00",586,13.65,22.53,31,84,84,204,36594,11.02,0.75,13055,422637,0,0,586,27008,1182,36636,-73,4,44.31822,-68.9274,5,0.007,1
"2025-07-27 19:00:00",587,13.55,20.87,32,60.08,117,203,36594,11.02,0.75,13055,423357,0,0,587,27008,1246,36700,-77,4,44.3182,-68.92756,4,0.007,1
"2025-07-27 20:00:00",588,13.35,20.23,32,117,128,211,36594,11.02,0.75,13055,424077,0,0,588,27008,1312,36767,-79,4,44.31829,-68.9274,4,0.006,1
"2025-07-27 21:00:00",589,13.24,19.81,32,128.1,164,204,36594,11.02,0.75,13055,424797,0,0,589,27008,1376,36830,-75,4,44.31824,-68.92738,5,0.006,1
"2025-07-27 22:00:00",590,13.25,19.42,32,164,164,204,36594,11.02,0.75,13055,425517,0,0,590,27008,1441,36896,-77,4,44.31824,-68.92735,4,0.006,1
"2025-07-27 23:00:00",591,13.22,19.09,32,129.1,173,203,36594,11.02,0.75,13055,426237,0,0,591,27008,1504,36959,-81,4,44.3182,-68.92737,4,0.006,1
"2025-07-28 00:00:00",592,13.24,18.97,32,172.9,173,203,36594,11.02,0.75,13055,426957,0,0,592,27008,0,37023,-69,4,44.31824,-68.92733,4,0.006,1
"2025-07-28 01:00:00",593,13.21,18.73,32,126.1,214,203,36594,11.02,0.75,13055,427677,0,0,593,27008,58.95,37082,-73,4,44.31817,-68.92733,5,0.006,1
"2025-07-28 02:00:00",594,13.23,18.62,32,213.9,214,204,36594,11.02,0.75,13055,428397,0,0,594,27008,120.5,37144,-73,4,44.31812,-68.92733,4,0.003,1
"2025-07-28 03:00:00",595,13.23,18.47,32,149.9,150,204,36594,11.02,0.75,13055,429117,0,0,595,27008,179.5,37203,-77,4,44.31807,-68.92735,6,0.003,1
"2025-07-28 04:00:00",596,13.22,18.27,32,108,118,204,36594,11.02,0.75,13055,429837,0,0,596,27008,239.2,37263,-73,4,44.31805,-68.92749,6,0.002,1
"2025-07-28 05:00:00",597,13.22,18.39,32,118,121,203,36594,11.02,0.75,13055,430557,0,0,597,27008,297.8,37322,-67,4,44.31807,-68.92751,6,0.002,1
"2025-07-28 06:00:00",598,13.23,18.56,32,121,121,203,36594,11.02,0.75,13055,431277,0,0,598,27008,390.6,37415,-65,4,44.31816,-68.92753,4,0.003,1
"2025-07-28 07:00:00",599,13.25,19.31,32,117,151,204,36594,11.02,0.75,13055,431997,0,0,599,27008,467.8,37492,-69,4,"NAN","NAN",4,0.003,1
"2025-07-28 08:00:00",600,13.33,19.77,32,150.9,151,203,36594,11.02,0.75,13055,432717,0,0,600,27008,525.2,37550,-73,4,44.31804,-68.92738,5,0.01,1
"2025-07-28 09:00:00",601,13.43,21.5,31,91.9,92,210,36594,11.02,0.75,13055,433437,0,0,601,27008,582.6,37608,-73,4,44.31806,-68.92729,4,0.01,1
"2025-07-28 10:00:00",602,13.5,25.73,31,15.89,16,204,36594,11.02,0.75,13055,434157,0,0,602,27008,642.7,37668,-77,4,44.31812,-68.92729,4,0.018,1
"2025-07-28 11:00:00",603,13.61,27.43,31,-60.73,130,204,36594,11.02,0.75,13055,434877,0,0,603,27008,699.8,37726,-73,4,44.31816,-68.92741,4,0.033,1
"2025-07-28 12:00:00",604,13.54,27.67,30,129.9,130,210,36594,11.02,0.75,13055,435597,0,0,604,27008,757.3,37783,-73,4,44.31824,-68.92747,4,0.039,1
"2025-07-28 13:00:00",605,13.54,26.41,31,73,74,203,36594,11.02,0.75,13055,436317,0,0,605,27008,822,37848,-67,4,44.31819,-68.92737,4,0.039,1
"2025-07-28 14:00:00",606,13.57,25.71,31,73.98,74,203,36594,11.02,0.75,13055,437037,0,0,606,27008,891,37918,-69,4,44.31815,-68.92729,4,0.039,1
"2025-07-28 15:00:00",607,13.57,25.48,31,63,63,204,36594,11.02,0.75,13055,437757,0,0,607,27008,950,37977,-73,4,44.3181,-68.92735,5,0.028,1
"2025-07-28 16:00:00",608,13.58,24.87,31,61.05,99,204,36594,11.02,0.75,13055,438477,0,0,608,27008,1010,38037,-69,4,44.31808,-68.92735,4,0.028,1
"2025-07-28 17:00:00",609,13.59,24.75,31,99,99,203,36594,11.02,0.75,13055,439197,0,0,609,27008,1071,38098,-73,4,44.31804,-68.92735,4,0.025,1
"2025-07-28 18:00:00",610,13.59,24.11,31,87,87,203,36594,11.02,0.75,13055,439917,0,0,610,27008,1144,38172,-69,4,44.31807,-68.92734,5,0.025,1
"2025-07-28 19:00:00",611,13.61,23.29,32,71,71,204,36594,11.02,0.75,13055,440637,0,0,611,27008,1208,38236,-71,4,44.31807,-68.92729,4,0.025,1
"2025-07-28 20:00:00",612,13.53,20.82,32,70.13,162,203,36594,11.02,0.75,13055,441357,0,0,612,27008,1276,38304,-71,4,44.31814,-68.92728,5,0.025,1
"2025-07-28 21:00:00",613,13.33,19.86,32,162,162,203,36594,11.02,0.75,13055,442077,0,0,613,27008,1344,38373,-77,13,44.31819,-68.92731,4,0.015,1
"2025-07-28 22:00:00",614,13.23,19.28,32,131.1,175,204,36594,11.02,0.75,13055,442797,0,0,614,27008,1410,38439,-69,4,44.3182,-68.92741,5,0.015,1
"2025-07-28 23:00:00",615,13.24,19.2,33,174.9,175,203,36594,11.02,0.75,13055,443517,0,0,615,27008,1478,38508,-81,4,44.31822,-68.92742,4,0.014,1
"2025-07-29 00:00:00",616,13.22,19.26,32,133.1,190,204,36594,11.02,0.75,13055,444237,0,0,616,27008,0,38577,-73,4,44.3182,-68.92741,6,0.014,1
"2025-07-29 01:00:00",617,13.23,19.09,33,189.9,190,203,36594,11.02,0.75,13055,444957,0,0,617,27008,63.55,38641,-73,4,44.3182,-68.92737,5,0.014,1
"2025-07-29 02:00:00",618,13.23,19.06,33,139,139,203,36594,11.02,0.75,13055,445677,0,0,618,27008,132.3,38710,-73,4,44.31818,-68.92736,4,0.014,1
"2025-07-29 03:00:00",619,13.23,18.65,33,132,162,204,36594,11.02,0.75,13055,446397,0,0,619,27008,194.2,38772,-73,4,44.31814,-68.92734,4,0.01,1
"2025-07-29 04:00:00",620,13.23,18.63,33,162,162,203,36594,11.02,0.75,13055,447117,0,0,620,27008,258.1,38836,-77,4,44.31807,-68.92735,5,0.01,1
"2025-07-29 05:00:00",621,13.19,18.74,33,145.1,213,203,36594,11.02,0.75,13055,447837,0,0,621,27008,328.9,38907,-59,13,44.31804,-68.92739,5,-0.008,1
"2025-07-29 06:00:00",622,13.23,19.4,33,212.9,213,204,36594,11.02,0.75,13055,448557,0,0,622,27008,395.1,38974,-67,4,44.31804,-68.92737,4,-0.008,1
"2025-07-29 07:00:00",623,13.3,19.65,32,130.9,131,203,36594,11.02,0.75,13055,449277,0,0,623,27008,457,39036,-75,4,44.31801,-68.92747,4,-0.008,1
"2025-07-29 08:00:00",624,13.5,22.54,32,67.82,68,204,36594,11.02,0.75,13055,449997,0,0,624,27008,517.9,39097,-75,4,44.31818,-68.92749,5,-0.002,1
"2025-07-29 09:00:00",625,13.43,26.9,31,-64.87,27,204,36594,11.02,0.75,13055,450717,0,0,625,27008,576.7,39156,-71,4,44.3182,-68.92746,4,0.001,1
"2025-07-29 10:00:00",626,13.59,29.88,31,26.91,27,210,36594,11.02,0.75,13055,451437,0,0,626,27008,634.5,39214,-77,4,44.31823,-68.92744,4,0.006,1
"2025-07-29 11:00:00",627,13.46,29.65,30,-39.84,77,204,36594,11.02,0.75,13055,452157,0,0,627,27008,695.2,39275,-67,4,44.31818,-68.92742,4,0.02,1
"2025-07-29 12:00:00",628,13.55,26.82,31,76.93,77,211,36594,11.02,0.75,13055,452877,0,0,628,27008,754.7,39335,-75,4,44.31818,-68.92737,6,0.02,1
"2025-07-29 13:00:00",629,13.57,27.33,32,28.06,72,204,36594,11.02,0.75,13055,453597,0,0,629,27008,816,39396,-71,4,44.3182,-68.92738,4,0.02,1
"2025-07-29 14:00:00",630,13.57,28.58,32,72.01,77,204,36594,11.02,0.75,13055,454317,0,0,630,27008,876,39456,-73,4,44.3182,-68.92738,4,0.01,1
"2025-07-29 15:00:00",631,13.54,30.3,31,77.03,98,204,36594,11.02,0.75,13055,455037,0,0,631,27008,938,39519,-61,4,44.31819,-68.92732,5,0.01,1
"2025-07-29 16:00:00",632,13.46,30.77,31,98,98,204,36594,11.02,0.75,13055,455757,0,0,632,27008,1001,39582,-67,4,"NAN","NAN",4,0.004,1
"2025-07-29 17:00:00",633,13.46,32.05,32,91,94,211,36594,11.02,0.75,13055,456477,0,0,633,27008,1059,39641,-71,4,44.31813,-68.92738,4,0.004,1
"2025-07-29 18:00:00",634,13.45,33.8,32,94,109,204,36594,11.02,0.75,13055,457197,0,0,634,27008,1121,39702,-69,4,44.31804,-68.92737,5,0.004,1
"2025-07-29 19:00:00",635,13.41,34.25,31,109,111,204,36594,11.02,0.75,13055,457917,0,0,635,27008,1179,39761,-69,4,44.31804,-68.92744,5,0.018,1
"2025-07-29 20:00:00",636,13.34,27.59,32,111,126,212,36594,11.02,0.75,13055,458637,0,0,636,27008,1236,39818,-73,4,44.31803,-68.92754,4,0.018,1
"2025-07-29 21:00:00",637,13.28,25.03,32,126,150,204,36594,11.02,0.75,13055,459357,0,0,637,27008,1294,39877,-67,4,44.31804,-68.92753,4,0.018,1
"2025-07-29 22:00:00",638,13.26,23.86,33,150,165,211,36594,11.02,0.75,13055,460077,0,0,638,27008,1357,39940,-61,4,44.31807,-68.92754,4,0.015,1
"2025-07-29 23:00:00",639,13.26,24.21,33,165,165,204,36594,11.02,0.75,13055,460797,0,0,639,27008,1417,40002,-65,4,44.31811,-68.9275,4,0.015,1
"2025-07-30 00:00:00",640,13.24,24.34,33,132,155,203,36594,11.02,0.75,13055,461517,0,0,640,27008,0,40065,-69,4,44.31812,-68.92752,5,0.011,1
"2025-07-30 01:00:00",641,13.25,24.07,33,155,155,204,36594,11.02,0.75,13055,462237,0,0,641,27008,70.81,40136,-67,4,44.31823,-68.92748,4,0.015,1
"2025-07-30 02:00:00",642,13.23,23.3,33,141.1,183,204,36594,11.02,0.75,13055,462957,0,0,642,27008,132.8,40200,-67,4,44.31822,-68.9274,4,0.015,1
"2025-07-30 03:00:00",643,13.23,22.75,33,183,202,204,36594,11.02,0.75,13055,463677,0,0,643,27008,194.7,40262,-51,13,44.31808,-68.92739,5,0.015,1
"2025-07-30 04:00:00",644,13.24,22.21,33,201.9,202,210,36594,11.02,0.75,13055,464397,0,0,644,27008,255.3,40324,-67,4,44.31804,-68.92741,4,0.015,1
"2025-07-30 05:00:00",645,13.24,21.74,33,155,155,211,36594,11.02,0.75,13055,465117,0,0,645,27008,347.4,40417,-69,4,44.31803,-68.9274,6,0.018,1
"2025-07-30 06:00:00",646,13.32,22.29,33,140.9,141,212,36594,11.02,0.75,13055,465837,0,0,646,27008,438.9,40510,-69,4,44.31802,-68.92746,4,0.018,1
"2025-07-30 07:00:00",647,13.45,25.02,33,46.89,47,203,36594,11.02,0.75,13055,466557,0,0,647,27008,506,40578,-67,4,44.318,-68.92739,4,0.018,1
"2025-07-30 08:00:00",648,13.46,26.02,33,-30.96,-4,204,36594,11.02,0.75,13055,467277,0,0,648,27008,567.3,40641,-69,4,44.31797,-68.92751,4,0.028,1
"2025-07-30 09:00:00",649,13.65,28.92,32,-4.049,-4,204,36594,11.02,0.75,13055,467997,0,0,649,27008,637.8,40712,-69,4,44.31802,-68.92736,5,0.028,1
"2025-07-30 10:00:00",650,13.42,32.44,32,-38.73,154,203,36594,11.02,0.75,13055,468717,0,0,650,27008,708.4,40784,-69,4,44.31807,-68.92752,4,0.035,1
"2025-07-30 11:00:00",651,13.46,31.27,31,153.9,154,204,36594,11.02,0.75,13055,469437,0,0,651,27008,771.2,40848,-75,4,44.31807,-68.92751,5,0.036,1
"2025-07-30 12:00:00",652,13.46,31.03,31,74.01,84,203,36594,11.02,0.75,13055,470157,0,0,652,27008,830,40907,-67,4,44.31817,-68.92747,5,0.042,1
"2025-07-30 13:00:00",653,13.51,28.79,32,84,84,204,36594,11.02,0.75,13055,470877,0,0,653,27008,888,40966,-69,4,44.31816,-68.92736,4,0.042,1
"2025-07-30 14:00:00",654,13.52,27.57,32,57.02,73,204,36594,11.02,0.75,13055,471597,0,0,654,27008,950,41030,-71,4,44.31819,-68.92737,4,0.042,1
"2025-07-30 15:00:00",655,13.54,27.52,31,72.99,73,204,36594,11.02,0.75,13055,472317,0,0,655,27008,1012,41093,-73,4,44.31821,-68.92722,5,0.042,1
"2025-07-30 16:00:00",656,13.54,26.76,32,69,70,210,36594,11.02,0.75,13055,473037,0,0,656,27008,1070,41152,-77,4,44.31819,-68.92738,4,0.027,1
"2025-07-30 17:00:00",657,13.56,26.69,32,70.06,113,203,36594,11.02,0.75,13055,473757,0,0,657,27008,1130,41212,-69,4,44.31814,-68.92744,4,0.027,1
"2025-07-30 18:00:00",658,13.57,24.72,32,112.9,113,204,36594,11.02,0.75,13055,474477,0,0,658,27008,1189,41272,-73,4,44.31813,-68.92738,4,0.027,1
"2025-07-30 19:00:00",659,13.58,23.68,32,64.06,104,212,36594,11.02,0.75,13055,475197,0,0,659,27008,1247,41331,-75,4,44.31816,-68.92733,4,0.027,1
"2025-07-30 20:00:00",660,13.38,21.9,33,104.1,161,211,36594,11.02,0.75,13055,475917,0,0,660,27008,1309,41394,-73,4,44.31818,-68.92729,4,0.012,1
"2025-07-30 21:00:00",661,13.28,22.05,33,161,161,204,36594,11.02,0.75,13055,476637,0,0,661,27008,1369,41455,-67,4,44.31819,-68.9273,4,0.012,1
"2025-07-30 22:00:00",662,13.24,21.95,33,148,158,211,36594,11.02,0.75,13055,477357,0,0,662,27008,1428,41515,-89,4,44.31812,-68.92754,4,0.012,1
"2025-07-30 23:00:00",663,13.24,21.79,33,158,170,210,36594,11.02,0.75,13055,478077,0,0,663,27008,1493,41581,-77,4,44.31817,-68.92747,4,0.012,1
"2025-07-31 00:00:00",664,13.25,21.93,33,170,170,210,36594,11.02,0.75,13055,478797,0,0,664,27008,0,41650,-71,4,44.3182,-68.92741,4,0.014,1
"2025-07-31 01:00:00",665,13.24,21.43,33,134,138,210,36594,11.02,0.75,13055,479517,0,0,665,27008,64.01,41715,-75,4,44.3182,-68.92738,5,0.014,1
"2025-07-31 02:00:00",666,13.24,21.38,33,138,138,211,36594,11.02,0.75,13055,480237,0,0,666,27008,129.2,41781,-73,4,44.31819,-68.92738,5,0.014,1
"2025-07-31 03:00:00",667,13.24,21.52,33,134,143,203,36594,11.02,0.75,13055,480957,0,0,667,27008,196.8,41850,-69,4,44.31818,-68.92735,5,0.014,1
"2025-07-31 04:00:00",668,13.24,21.66,34,143,143,211,36594,11.02,0.75,13055,481677,0,0,668,27008,264.4,41919,-65,4,44.31804,-68.92744,6,0.013,1
"2025-07-31 05:00:00",669,13.24,21.31,33,137,143,211,36594,11.02,0.75,13055,482397,0,0,669,27008,329.7,41985,-69,4,44.31804,-68.92745,4,0.013,1
"2025-07-31 06:00:00",670,13.24,22.07,33,143,143,210,36594,11.02,0.75,13055,483117,0,0,670,27008,392.4,42049,-67,4,44.31807,-68.92747,4,0.013,1
"2025-07-31 07:00:00",671,13.23,22.06,33,136.1,178,203,36594,11.02,0.75,13055,483837,0,0,671,27008,458,42115,-65,4,44.31807,-68.92747,4,0.014,1
"2025-07-31 08:00:00",672,13.3,22.76,33,177.9,178,203,36594,11.02,0.75,13055,484557,0,0,672,27008,523.9,42182,-65,4,44.31799,-68.92734,6,0.031,1
"2025-07-31 09:00:00",673,13.27,22.74,33,93.1,154,203,36594,11.02,0.75,13055,485277,0,0,673,27008,588.5,42248,-63,4,44.31799,-68.92741,4,0.038,1
"2025-07-31 10:00:00",674,13.42,23.52,33,153.8,154,204,36594,11.02,0.75,13055,485997,0,0,674,27008,654.8,42315,-69,4,44.31799,-68.92742,4,0.047,1
"2025-07-31 11:00:00",675,13.36,22.21,33,20.11,102,203,36594,11.02,0.75,13055,486717,0,0,675,27008,718.8,42380,-57,4,44.29991,-68.93935,4,0.05,1
"2025-07-31 12:00:00",676,13.36,20.25,33,101.9,102,204,36594,11.02,0.75,13055,487437,0,0,676,27008,738.3,42400,0,4,44.07104,-68.91756,5,0.052,1
"2025-07-31 13:00:00",677,13.28,20.11,33,47.08,104,211,36594,11.02,0.75,13055,488157,0,0,677,27008,783.7,42446,0,4,44.03408,-68.88637,5,0.057,1
