"TOA5","Wynken","CR300","36592","CR300-CELL210.Std.11.02","CPU:wynken.250617.dld","19820","Ai1"
"TIMESTAMP","RECORD","BatteryVoltage","InternalTemperature","InternalHumidity","CurrentAverage","CurrentMaximum","SensorHoldPowerOn","ProcessingTime","SerialNumber","DataloggerOSVersion","Ai1OSVersion","ProgramSignature","ProgramCounter","StartUpCode","WatchdogErrors","SkippedScans","MemoryFree","CellUsageToday","CellUsageThisMonth","CellRSSI","CellNetBand","Latitude","Longitude","GPSSatellitesInView","Pressure_mH2O","ReadAttempts_Max"
"TS","RN","Volts","°C","%","mA (-=Charge, +=Discharge)","mA (-=Charge, +=Discharge)","True = Keep Sensor On","µS","","","","(0-65535)","Cycles","(0=Ok, -1=Power, -2=Watchdog)","Errors Since Compile","Scans Skipped","Bytes","kB","kB","dBm","","Decimal Degrees (N=+,S=-)","Decimal Degrees (E=+,W=-)","GPS Satellites visible","mH2O",""
"","","Smp","Smp","Smp","Avg:mA","Max:mA","Smp","Smp","Smp","Smp","Smp","Smp:0-65535)","Smp","Smp:0=Ok","Smp:Watchdog Errors Since Compile","Smp:Scans Skipped","Smp:Bytes","Smp:kB","Smp:kB","Smp:dBm","Smp:band","Smp","Smp","Smp","Smp","Max"
"2025-06-17 12:00:00",0,13.65,22.45,42,-0.101,0,0,414,36592,11.02,0.75,19820,662,0,0,0,29440,1190,22418,-77,13,44.04329,-68.8922,0,-13.01,0
"2025-06-17 13:00:00",1,13.69,21.29,42,-67,-67,0,421,36592,11.02,0.75,19820,1382,0,0,1,29440,1364,22592,-77,13,44.04337,-68.89225,7,-13.01,1
"2025-06-17 14:00:00",2,13.67,21.54,42,-69.98,-56,0,420,36592,11.02,0.75,19820,2102,0,0,2,29440,1545,22772,-79,13,44.04337,-68.89233,5,-13.01,1
"2025-06-17 15:00:00",3,13.69,21.57,42,-56.01,-56,0,414,36592,11.02,0.75,19820,2822,0,0,3,29440,1717,22945,-73,13,44.04334,-68.89225,4,0.05,1
"2025-06-17 16:00:00",4,13.69,21.7,43,-64,-61,0,421,36592,11.02,0.75,19820,3542,0,0,4,29440,1899,23126,-75,13,44.04331,-68.89233,4,0.05,1
"2025-06-17 17:00:00",5,13.69,20.63,43,-61,-59,0,414,36592,11.02,0.75,19820,4262,0,0,5,29440,2054,23282,-77,13,44.04331,-68.89224,4,0.05,1
"2025-06-17 18:00:00",6,13.69,19.72,43,-58.99,-53,0,420,36592,11.02,0.75,19820,4982,0,0,6,29440,2114,23341,-75,13,44.04332,-68.89219,4,0.046,1
"2025-06-17 19:00:00",7,13.68,17.45,43,-52.93,-3,0,413,36592,11.02,0.75,19820,5702,0,0,7,29440,2173,23400,-85,4,44.04333,-68.89219,5,0.046,1
"2025-06-17 20:00:00",8,13.46,16.67,44,-2.988,6,0,414,36592,11.02,0.75,19820,6422,0,0,8,29440,2228,23456,-77,13,44.04332,-68.89217,4,0.046,1
"2025-06-17 21:00:00",9,13.3,15.76,44,5.994,6,0,421,36592,11.02,0.75,19820,7142,0,0,9,29440,2282,23509,-73,13,44.04334,-68.89212,5,0.046,1
"2025-06-17 22:00:00",10,13.2,15.18,45,2.042,32,0,414,36592,11.02,0.75,19820,7862,0,0,10,29440,2340,23567,-79,13,44.04333,-68.89226,5,0.031,1
"2025-06-17 23:00:00",11,13.23,14.91,45,31.96,32,0,420,36592,11.02,0.75,19820,8582,0,0,11,29440,2399,23626,-81,13,44.04339,-68.89231,4,0.031,1
"2025-06-18 00:00:00",12,13.21,15.03,45,0.017,12,0,421,36592,11.02,0.75,19820,9302,0,0,12,29440,0,23685,-79,13,44.04338,-68.89228,4,0.025,1
"2025-06-18 01:00:00",13,13.23,14.49,45,11.98,12,0,413,36592,11.02,0.75,19820,10022,0,0,13,29440,57.1,23742,-81,13,44.04338,-68.89228,4,0.025,1
"2025-06-18 02:00:00",14,13.21,15.3,45,1.017,13,0,414,36592,11.02,0.75,19820,10742,0,0,14,29440,126.5,23812,-77,13,44.04336,-68.89229,4,0.025,1
"2025-06-18 03:00:00",15,13.21,15.6,45,12.99,13,0,413,36592,11.02,0.75,19820,11462,0,0,15,29440,198.6,23884,-79,13,44.04332,-68.89227,4,0.025,1
"2025-06-18 04:00:00",16,13.2,15.89,45,6.047,40,0,420,36592,11.02,0.75,19820,12182,0,0,16,29440,264.2,23949,-81,13,44.04332,-68.89222,4,0,1
"2025-06-18 05:00:00",17,13.22,15.98,45,39.95,40,0,413,36592,11.02,0.75,19820,12902,0,0,17,29440,333.6,24019,-75,13,44.04332,-68.89222,4,0,1
"2025-06-18 06:00:00",18,13.22,16.26,45,5.029,26,0,420,36592,11.02,0.75,19820,13622,0,0,18,29440,400.9,24086,-77,13,44.04334,-68.89224,4,-0.002,1
"2025-06-18 07:00:00",19,13.24,16.23,45,25.96,26,0,421,36592,11.02,0.75,19820,14342,0,0,19,29440,453.6,24139,-79,13,44.04333,-68.8922,5,-0.002,1
"2025-06-18 08:00:00",20,13.28,16.59,45,-3.021,-3,0,414,36592,11.02,0.75,19820,15062,0,0,20,29440,508.8,24194,-79,13,44.04331,-68.89213,4,-0.002,1
"2025-06-18 09:00:00",21,13.28,17.08,45,-18.01,-18,0,414,36592,11.02,0.75,19820,15782,0,0,21,29440,564.9,24250,-97,13,44.04331,-68.89213,4,-0.002,1
"2025-06-18 10:00:00",22,13.36,17.24,45,-28.04,-28,0,420,36592,11.02,0.75,19820,16502,0,0,22,29440,618.4,24303,-77,13,44.04338,-68.89218,4,-0.007,1
"2025-06-18 11:00:00",23,13.37,16.75,44,-58.02,-58,0,421,36592,11.02,0.75,19820,17222,0,0,23,29440,676.2,24361,-77,13,44.04335,-68.89224,4,-0.007,1
"2025-06-18 12:00:00",24,13.39,17.52,44,-69.99,-60,0,413,36592,11.02,0.75,19820,17942,0,0,24,29440,737.4,24422,-77,13,44.04334,-68.89227,4,-0.007,1
"2025-06-18 13:00:00",25,13.48,17.56,44,-60.1,-60,0,422,36592,11.02,0.75,19820,18662,0,0,25,29440,795.3,24480,-75,13,44.04347,-68.89246,4,-0.007,1
"2025-06-18 14:00:00",26,13.39,16.6,45,-128.9,-37,0,420,36592,11.02,0.75,19820,19382,0,0,26,29440,859,24544,-79,13,44.04338,-68.89232,5,-0.007,1
"2025-06-18 15:00:00",27,13.49,17.65,44,-37.08,-37,0,414,36592,11.02,0.75,19820,20102,0,0,27,29440,921,24606,-77,13,44.04329,-68.89233,4,-0.007,1
"2025-06-18 16:00:00",28,13.46,16.69,45,-90.8,28,0,414,36592,11.02,0.75,19820,20822,0,0,28,29440,979,24664,-97,13,44.04333,-68.89214,4,-0.022,1
"2025-06-18 17:00:00",29,13.91,16.88,44,27.86,28,0,420,36592,11.02,0.75,19820,21542,0,0,29,29440,1038,24723,-83,13,44.04336,-68.89223,4,-0.022,1
"2025-06-18 18:00:00",30,13.7,17.71,44,-69.91,-7,0,413,36592,11.02,0.75,19820,22262,0,0,30,29440,1101,24786,-75,13,44.04335,-68.89217,4,-0.032,1
"2025-06-18 19:00:00",31,13.6,16.53,44,-6.988,2,0,413,36592,11.02,0.75,19820,22982,0,0,31,29440,1160,24845,-75,13,44.04333,-68.89218,5,-0.032,1
"2025-06-18 20:00:00",32,13.4,15.86,44,2.068,51,0,421,36592,11.02,0.75,19820,23702,0,0,32,29440,1226,24911,-81,4,44.04329,-68.8922,4,-0.038,1
"2025-06-18 21:00:00",33,13.27,15.63,45,50.94,51,0,420,36592,11.02,0.75,19820,24422,0,0,33,29440,1292,24977,-51,13,44.04332,-68.89211,4,-0.038,1
"2025-06-18 22:00:00",34,13.2,15.87,44,11.05,47,0,421,36592,11.02,0.75,19820,25142,0,0,34,29440,1355,25040,-87,4,44.04333,-68.89219,4,-0.038,1
"2025-06-18 23:00:00",35,13.23,15.41,45,46.95,47,0,413,36592,11.02,0.75,19820,25862,0,0,35,29440,1434,25119,-81,13,44.0433,-68.89222,6,-0.038,1
"2025-06-19 00:00:00",36,13.22,15.47,44,13.99,14,0,420,36592,11.02,0.75,19820,26582,0,0,36,29440,0.068,25188,-83,13,44.04325,-68.89221,4,-0.038,1
"2025-06-19 01:00:00",37,13.22,15.49,44,5.992,6,0,413,36592,11.02,0.75,19820,27302,0,0,37,29440,68.14,25256,-85,13,44.04338,-68.89222,4,-0.038,1
"2025-06-19 02:00:00",38,13.18,15.27,44,0.06,43,0,413,36592,11.02,0.75,19820,28022,0,0,38,29440,135.3,25323,-79,13,44.04338,-68.89225,5,-0.039,1
"2025-06-19 03:00:00",39,13.2,15.48,45,42.99,43,0,421,36592,11.02,0.75,19820,28742,0,0,39,29440,202,25390,-77,13,44.04333,-68.89225,4,-0.039,1
"2025-06-19 04:00:00",40,13.18,15.52,45,39,39,0,421,36592,11.02,0.75,19820,29462,0,0,40,29440,271.1,25459,-79,13,"NAN","NAN",4,-0.048,1
"2025-06-19 05:00:00",41,13.18,15.2,44,36.99,37,0,422,36592,11.02,0.75,19820,30182,0,0,41,29440,339.7,25528,-77,13,44.04333,-68.89219,4,-0.048,1
"2025-06-19 06:00:00",42,13.21,15.26,44,31.99,32,0,413,36592,11.02,0.75,19820,30902,0,0,42,29440,406.6,25595,-77,13,"NAN","NAN",4,-0.06,1
"2025-06-19 07:00:00",43,13.23,15.53,44,24.02,39,0,422,36592,11.02,0.75,19820,31622,0,0,43,29440,472.2,25660,-81,13,44.04333,-68.89216,4,-0.06,1
"2025-06-19 08:00:00",44,13.34,16.83,44,38.89,39,0,414,36592,11.02,0.75,19820,32342,0,0,44,29440,531,25719,-77,13,44.04328,-68.89217,4,-0.06,1
"2025-06-19 09:00:00",45,13.47,18.37,43,-37.12,-37,0,422,36592,11.02,0.75,19820,33062,0,0,45,29440,598.2,25786,-83,13,44.04328,-68.89213,4,-0.06,1
"2025-06-19 10:00:00",46,13.6,20.24,43,-123.2,-123,0,414,36592,11.02,0.75,19820,33782,0,0,46,29440,668.7,25857,-87,4,44.04328,-68.89228,4,-0.06,1
"2025-06-19 11:00:00",47,13.71,21.57,43,-284.1,-284,0,413,36592,11.02,0.75,19820,34502,0,0,47,29440,726.5,25914,-77,13,44.04331,-68.89227,4,-0.059,1
"2025-06-19 12:00:00",48,13.65,23.92,43,-321.6,-61,0,413,36592,11.02,0.75,19820,35222,0,0,48,29440,798.5,25987,-81,13,44.04332,-68.89223,6,-0.054,1
"2025-06-19 13:00:00",49,13.61,24.16,43,-61,-61,0,422,36592,11.02,0.75,19820,35942,0,0,49,29440,871,26059,-79,13,44.04332,-68.89223,4,-0.054,1
"2025-06-19 14:00:00",50,13.67,20.78,43,-64.03,-64,0,413,36592,11.02,0.75,19820,36662,0,0,50,29440,943,26131,-79,13,44.04337,-68.89223,4,-0.054,1
"2025-06-19 15:00:00",51,13.68,20.67,43,-88.9,-40,0,414,36592,11.02,0.75,19820,37382,0,0,51,29440,1017,26205,-75,13,44.04335,-68.89221,6,-0.054,1
"2025-06-19 16:00:00",52,13.68,19.44,43,-39.96,-13,0,414,36592,11.02,0.75,19820,38102,0,0,52,29440,1087,26275,-75,13,44.04321,-68.89213,4,-0.083,1
"2025-06-19 17:00:00",53,13.71,18.67,43,-13.05,-13,0,414,36592,11.02,0.75,19820,38822,0,0,53,29440,1151,26339,-77,13,44.04331,-68.89219,4,-0.083,1
"2025-06-19 18:00:00",54,13.7,18.92,43,-51.78,105,0,414,36592,11.02,0.75,19820,39542,0,0,54,29440,1220,26408,-73,13,44.04329,-68.8922,4,-0.093,1
"2025-06-19 19:00:00",55,13.64,17.17,44,104.8,105,0,420,36592,11.02,0.75,19820,40262,0,0,55,29440,1282,26470,-75,13,44.04333,-68.89219,6,-0.093,5
"2025-06-19 20:00:00",56,13.42,16,45,-4.979,10,0,421,36592,11.02,0.75,19820,40982,0,0,56,29440,1347,26535,-77,13,44.04333,-68.89217,4,-0.093,5
"2025-06-19 21:00:00",57,13.25,16.08,45,10.07,58,0,414,36592,11.02,0.75,19820,41702,0,0,57,29440,1411,26599,-77,13,44.04333,-68.89216,4,-0.119,1
"2025-06-19 22:00:00",58,13.24,16.28,45,57.91,58,0,420,36592,11.02,0.75,19820,42422,0,0,58,29440,1477,26665,-81,13,44.04329,-68.8921,4,-0.119,1
"2025-06-19 23:00:00",59,13.22,17.1,45,-6.978,9,0,422,36592,11.02,0.75,19820,43142,0,0,59,29440,1544,26732,-73,13,44.04339,-68.8922,4,-0.125,1
"2025-06-20 00:00:00",60,13.23,17.15,45,8.99,9,0,414,36592,11.02,0.75,19820,43862,0,0,60,29440,0,26799,-81,13,44.04329,-68.89224,4,-0.125,1
"2025-06-20 01:00:00",61,13.21,16.62,45,0.061,44,0,414,36592,11.02,0.75,19820,44582,0,0,61,29440,68.48,26867,-81,13,44.04334,-68.89223,4,-0.129,1
"2025-06-20 02:00:00",62,13.21,16.95,46,43.98,44,0,413,36592,11.02,0.75,19820,45302,0,0,62,29440,133.6,26932,-75,4,44.04334,-68.89224,5,-0.129,1
"2025-06-20 03:00:00",63,13.22,16.54,46,30.98,31,0,414,36592,11.02,0.75,19820,46022,0,0,63,29440,194.1,26993,-79,13,44.04334,-68.89225,4,-0.143,1
"2025-06-20 04:00:00",64,13.22,16.01,45,18.01,23,0,413,36592,11.02,0.75,19820,46742,0,0,64,29440,253.8,27053,-81,13,44.04334,-68.89226,4,-0.143,1
"2025-06-20 05:00:00",65,13.21,15.98,46,23.01,30,0,413,36592,11.02,0.75,19820,47462,0,0,65,29440,322.9,27122,-77,13,44.0433,-68.89218,4,-0.163,1
"2025-06-20 06:00:00",66,13.33,17.04,45,29.86,30,0,413,36592,11.02,0.75,19820,48182,0,0,66,29440,382.1,27181,-83,13,44.0433,-68.89223,5,-0.163,1
"2025-06-20 07:00:00",67,13.49,19.99,43,-74.07,-74,0,421,36592,11.02,0.75,19820,48902,0,0,67,29440,440.6,27239,-79,13,44.04333,-68.8922,4,-0.163,1
"2025-06-20 08:00:00",68,13.55,21.1,43,-122.1,-122,0,414,36592,11.02,0.75,19820,49622,0,0,68,29440,501.9,27301,-81,13,44.0434,-68.89217,4,-0.163,1
"2025-06-20 09:00:00",69,13.79,20.82,43,-179.9,-113,0,420,36592,11.02,0.75,19820,50342,0,0,69,29440,563.3,27362,-81,13,44.04348,-68.89216,5,-0.163,1
"2025-06-20 10:00:00",70,13.68,20.91,43,-112.9,-40,0,413,36592,11.02,0.75,19820,51062,0,0,70,29440,631.5,27430,-81,13,44.04204,-68.88917,4,-0.163,1
"2025-06-20 11:00:00",71,13.69,21.02,43,-40,-40,0,421,36592,11.02,0.75,19820,51782,0,0,71,29440,690,27489,-79,13,44.04337,-68.89218,4,-0.174,1
"2025-06-20 12:00:00",72,13.69,19.88,43,-41.01,-41,0,422,36592,11.02,0.75,19820,52502,0,0,72,29440,762.6,27561,-77,13,44.04338,-68.89227,4,-0.174,1
"2025-06-20 13:00:00",73,13.71,18.75,44,-49.99,-45,0,421,36592,11.02,0.75,19820,53222,0,0,73,29440,832,27631,-77,13,44.04338,-68.89227,4,-0.174,1
"2025-06-20 14:00:00",74,13.75,19.07,43,-45.01,-45,0,421,36592,11.02,0.75,19820,53942,0,0,74,29440,896,27694,-83,13,44.04338,-68.89227,4,-0.174,1
"2025-06-20 15:00:00",75,13.72,20.51,43,-52.95,-15,0,420,36592,11.02,0.75,19820,54662,0,0,75,29440,965,27764,-81,13,44.04351,-68.89213,4,-0.165,1
"2025-06-20 16:00:00",76,13.68,21.33,44,-15.01,-15,0,414,36592,11.02,0.75,19820,55382,0,0,76,29440,1035,27834,-83,13,44.04333,-68.89212,4,-0.165,1
"2025-06-20 17:00:00",77,13.69,20.88,43,-20.01,-20,0,420,36592,11.02,0.75,19820,56102,0,0,77,29440,1104,27903,-77,13,44.04333,-68.89212,4,-0.158,1
"2025-06-20 18:00:00",78,13.69,20.59,44,-26.99,-23,0,414,36592,11.02,0.75,19820,56822,0,0,78,29440,1174,27972,-79,13,44.04321,-68.89209,4,-0.147,1
"2025-06-20 19:00:00",79,13.7,19.92,44,-22.94,18,0,414,36592,11.02,0.75,19820,57542,0,0,79,29440,1233,28032,-77,13,44.04313,-68.89214,6,-0.147,1
"2025-06-20 20:00:00",80,13.53,20.24,44,18.03,43,0,414,36592,11.02,0.75,19820,58262,0,0,80,29440,1298,28097,-83,13,44.04313,-68.89214,6,-0.147,1
"2025-06-20 21:00:00",81,13.32,19.08,45,43,43,0,414,36592,11.02,0.75,19820,58982,0,0,81,29440,1365,28164,-81,13,44.04315,-68.89211,4,-0.152,1
"2025-06-20 22:00:00",82,13.23,18.84,45,42.08,98,0,414,36592,11.02,0.75,19820,59702,0,0,82,29440,1430,28229,-91,13,44.04331,-68.89198,4,-0.165,1
"2025-06-20 23:00:00",83,13.24,18.64,45,97.9,98,0,414,36592,11.02,0.75,19820,60422,0,0,83,29440,1502,28300,-79,13,44.04331,-68.89198,4,-0.174,1
"2025-06-21 00:00:00",84,13.21,18.02,46,33.05,68,0,414,36592,11.02,0.75,19820,61142,0,0,84,29440,0.142,28365,-79,13,44.04331,-68.89198,4,-0.174,1
"2025-06-21 01:00:00",85,13.24,17.49,46,67.97,68,0,421,36592,11.02,0.75,19820,61862,0,0,85,29440,66.61,28432,-83,13,44.04334,-68.89208,4,-0.176,1
"2025-06-21 02:00:00",86,13.2,17.43,46,43.04,73,0,414,36592,11.02,0.75,19820,62582,0,0,86,29440,132.8,28498,-79,13,44.04335,-68.89214,6,-0.193,1
"2025-06-21 03:00:00",87,13.23,15.64,46,72.89,73,0,421,36592,11.02,0.75,19820,63302,0,0,87,29440,196.3,28561,-79,13,44.04329,-68.89221,5,-0.193,1
"2025-06-21 04:00:00",88,13.21,15.3,46,-3.969,18,0,413,36592,11.02,0.75,19820,64022,0,0,88,29440,258.9,28624,-75,13,44.04335,-68.89219,5,-0.231,1
"2025-06-21 05:00:00",89,13.23,15.47,46,17.99,18,0,414,36592,11.02,0.75,19820,64742,0,0,89,29440,323.8,28689,-83,13,44.04336,-68.89217,5,-0.231,1
"2025-06-21 06:00:00",90,13.36,17.61,45,8.97,9,0,413,36592,11.02,0.75,19820,65462,0,0,90,29440,384.9,28750,-81,13,44.04331,-68.89217,5,-0.231,1
"2025-06-21 07:00:00",91,13.53,21.07,44,-12.18,-12,0,421,36592,11.02,0.75,19820,66182,0,0,91,29440,444.1,28809,-79,13,44.04333,-68.8922,5,-0.231,1
"2025-06-21 08:00:00",92,13.53,22.21,45,-144.9,-83,0,413,36592,11.02,0.75,19820,66902,0,0,92,29440,502.9,28868,-83,13,44.04327,-68.89212,5,-0.231,1
"2025-06-21 09:00:00",93,13.61,26.05,43,-82.9,-8,0,422,36592,11.02,0.75,19820,67622,0,0,93,29440,567.4,28932,-81,13,44.04325,-68.89211,4,-0.169,1
"2025-06-21 10:00:00",94,13.58,27.66,43,-8.02,-8,0,414,36592,11.02,0.75,19820,68342,0,0,94,29440,630.5,28996,-77,13,44.04329,-68.89214,5,-0.116,1
"2025-06-21 11:00:00",95,13.54,26.38,43,-19.02,-19,0,422,36592,11.02,0.75,19820,69062,0,0,95,29440,698.8,29064,-77,13,"NAN","NAN",4,-0.01,1
"2025-06-21 12:00:00",96,13.61,23.75,44,-36.06,-36,0,413,36592,11.02,0.75,19820,69782,0,0,96,29440,766.6,29132,-77,13,"NAN","NAN",4,-0.01,1
"2025-06-21 13:00:00",97,13.63,22.61,44,-77.96,-49,0,421,36592,11.02,0.75,19820,70502,0,0,97,29440,833,29200,-77,13,44.04333,-68.8922,7,-0.01,1
"2025-06-21 14:00:00",98,13.65,23.09,44,-49.01,-49,0,419,36592,11.02,0.75,19820,71222,0,0,98,29440,906,29272,-73,13,44.04329,-68.89218,4,-0.023,1
"2025-06-21 15:00:00",99,13.66,22.62,43,-54.98,-43,0,413,36592,11.02,0.75,19820,71942,0,0,99,29440,977,29344,-77,13,"NAN","NAN",4,-0.023,1
"2025-06-21 16:00:00",100,13.65,23.57,43,-43.02,-43,0,413,36592,11.02,0.75,19820,72662,0,0,100,29440,1044,29412,-75,13,44.04337,-68.89214,4,-0.038,1
"2025-06-21 17:00:00",101,13.66,22.1,43,-54.97,-32,0,421,36592,11.02,0.75,19820,73382,0,0,101,29440,1111,29478,-77,13,44.04335,-68.89221,4,-0.038,1
"2025-06-21 18:00:00",102,13.67,21.46,44,-32,-31,0,413,36592,11.02,0.75,19820,74102,0,0,102,29440,1181,29549,-91,4,44.04329,-68.8922,4,-0.043,1
"2025-06-21 19:00:00",103,13.66,20.23,44,-30.96,-2,0,414,36592,11.02,0.75,19820,74822,0,0,103,29440,1244,29612,-73,13,44.0433,-68.8922,4,-0.043,1
"2025-06-21 20:00:00",104,13.6,18.18,44,-1.926,51,0,414,36592,11.02,0.75,19820,75542,0,0,104,29440,1308,29676,-77,13,44.0433,-68.89217,5,-0.102,1
"2025-06-21 21:00:00",105,13.36,16.24,45,50.99,51,0,413,36592,11.02,0.75,19820,76262,0,0,105,29440,1370,29739,-83,4,44.0433,-68.89217,5,-0.102,1
"2025-06-21 22:00:00",106,13.25,15.71,45,41.01,47,0,421,36592,11.02,0.75,19820,76982,0,0,106,29440,1438,29807,-79,13,44.04337,-68.89214,5,-0.143,1
"2025-06-21 23:00:00",107,13.22,15.17,45,46.98,47,0,414,36592,11.02,0.75,19820,77702,0,0,107,29440,1511,29880,-79,13,44.04329,-68.89214,4,-0.143,1
"2025-06-22 00:00:00",108,13.19,15.16,45,31,31,0,414,36592,11.02,0.75,19820,78422,0,0,108,29440,0.012,29942,-75,13,44.04325,-68.89212,4,-0.143,1
"2025-06-22 01:00:00",109,13.15,15.14,46,28.02,43,0,422,36592,11.02,0.75,19820,79142,0,0,109,29440,85.9,30028,-67,13,44.04329,-68.8922,4,-0.143,1
"2025-06-22 02:00:00",110,13.2,15.27,46,43.01,49,0,413,36592,11.02,0.75,19820,79862,0,0,110,29440,156.9,30099,-87,4,44.04331,-68.89222,4,-0.143,1
"2025-06-22 03:00:00",111,13.19,15.73,46,48.97,49,0,420,36592,11.02,0.75,19820,80582,0,0,111,29440,223.4,30166,-89,4,44.04326,-68.8922,4,-0.143,1
"2025-06-22 04:00:00",112,13.2,16.09,46,28.99,29,0,414,36592,11.02,0.75,19820,81302,0,0,112,29440,290.5,30234,-83,13,44.04333,-68.89221,4,-0.117,1
"2025-06-22 05:00:00",113,13.21,16.39,46,23.97,24,0,413,36592,11.02,0.75,19820,82022,0,0,113,29440,354.8,30299,-79,13,44.04331,-68.89225,5,-0.102,1
"2025-06-22 06:00:00",114,13.24,16.93,45,-0.001,0,0,414,36592,11.02,0.75,19820,82742,0,0,114,29440,437.9,30383,-83,13,44.04339,-68.89226,5,-0.09,1
"2025-06-22 07:00:00",115,13.23,16.65,46,-0.988,8,0,420,36592,11.02,0.75,19820,83462,0,0,115,29440,507.9,30453,-73,13,44.04331,-68.89221,5,-0.066,1
"2025-06-22 08:00:00",116,13.4,17.14,46,7.85,8,0,420,36592,11.02,0.75,19820,84182,0,0,116,29440,570.2,30516,-79,13,44.04328,-68.89217,5,-0.059,1
"2025-06-22 09:00:00",117,13.4,17.78,45,-100,-68,0,414,36592,11.02,0.75,19820,84902,0,0,117,29440,630.5,30577,-77,13,44.04333,-68.89216,5,-0.054,1
"2025-06-22 10:00:00",118,13.57,20.49,43,-68.16,-68,0,414,36592,11.02,0.75,19820,85622,0,0,118,29440,691.9,30639,-77,13,44.04324,-68.89237,4,-0.042,1
"2025-06-22 11:00:00",119,13.65,21.49,43,-179.8,-34,0,421,36592,11.02,0.75,19820,86342,0,0,119,29440,757.8,30705,-91,4,44.04331,-68.89218,4,-0.039,1
"2025-06-22 12:00:00",120,13.68,21.2,44,-34,-34,0,413,36592,11.02,0.75,19820,87062,0,0,120,29440,813,30760,-75,13,44.04333,-68.89212,4,-0.039,1
"2025-06-22 13:00:00",121,13.68,22.17,43,-34.99,-25,0,421,36592,11.02,0.75,19820,87782,0,0,121,29440,879,30827,-79,13,44.04332,-68.89211,6,-0.039,1
"2025-06-22 14:00:00",122,13.69,20.69,44,-25.04,-25,0,421,36592,11.02,0.75,19820,88502,0,0,122,29440,944,30893,-77,13,44.04337,-68.89214,6,-0.039,1
"2025-06-22 15:00:00",123,13.69,22.54,44,-56.01,-56,0,413,36592,11.02,0.75,19820,89222,0,0,123,29440,1008,30958,-75,13,44.04361,-68.89187,4,-0.04,1
"2025-06-22 16:00:00",124,13.65,21.46,44,-61.99,-57,0,414,36592,11.02,0.75,19820,89942,0,0,124,29440,1073,31023,-77,13,44.04335,-68.89224,5,-0.04,1
"2025-06-22 17:00:00",125,13.65,20.88,44,-57,-57,0,422,36592,11.02,0.75,19820,90662,0,0,125,29440,1138,31089,-77,13,44.04335,-68.89224,5,-0.04,1
"2025-06-22 18:00:00",126,13.68,21.34,44,-58.99,-55,0,414,36592,11.02,0.75,19820,91382,0,0,126,29440,1199,31150,-79,13,44.04335,-68.8922,5,-0.04,1
"2025-06-22 19:00:00",127,13.69,22.3,45,-54.96,-26,0,414,36592,11.02,0.75,19820,92102,0,0,127,29440,1255,31207,-75,13,44.04335,-68.8922,5,-0.04,1
"2025-06-22 20:00:00",128,13.65,21.18,44,-26,-24,0,421,36592,11.02,0.75,19820,92822,0,0,128,29440,1313,31266,-75,13,44.04326,-68.89214,4,-0.04,1
"2025-06-22 21:00:00",129,13.36,18.13,45,-23.92,36,0,421,36592,11.02,0.75,19820,93542,0,0,129,29440,1370,31323,-79,13,44.0433,-68.8922,4,-0.04,1
"2025-06-22 22:00:00",130,13.22,17.23,44,36.04,68,0,421,36592,11.02,0.75,19820,94262,0,0,130,29440,1434,31388,-79,13,44.04333,-68.89218,4,-0.04,1
"2025-06-22 23:00:00",131,13.2,16.12,45,68.01,76,0,414,36592,11.02,0.75,19820,94982,0,0,131,29440,1504,31459,-85,4,44.04326,-68.89213,4,-0.029,1
"2025-06-23 00:00:00",132,13.19,16.36,45,75.96,76,0,414,36592,11.02,0.75,19820,95702,0,0,132,29440,0.086,31519,-77,13,44.04322,-68.89214,4,-0.028,1
"2025-06-23 01:00:00",133,13.21,15.43,46,43.97,44,0,422,36592,11.02,0.75,19820,96422,0,0,133,29440,73.23,31592,-77,13,"NAN","NAN",4,-0.027,1
"2025-06-23 02:00:00",134,13.21,14.88,46,21,21,0,413,36592,11.02,0.75,19820,97142,0,0,134,29440,133.2,31652,-79,13,44.04329,-68.89223,4,-0.023,1
"2025-06-23 03:00:00",135,13.21,15.23,46,20.02,33,0,421,36592,11.02,0.75,19820,97862,0,0,135,29440,197.8,31717,-79,13,44.04329,-68.89224,5,-0.01,1
"2025-06-23 04:00:00",136,13.2,15.81,46,32.98,33,0,414,36592,11.02,0.75,19820,98582,0,0,136,29440,259.9,31779,-83,13,44.04326,-68.89222,5,-0.01,1
"2025-06-23 05:00:00",137,13.21,15.46,46,19.97,20,0,414,36592,11.02,0.75,19820,99302,0,0,137,29440,322.3,31842,-77,13,44.04332,-68.89223,4,-0.007,1
"2025-06-23 06:00:00",138,13.37,17.05,45,-4.108,-4,0,421,36592,11.02,0.75,19820,100022,0,0,138,29440,405.6,31925,-81,4,44.04333,-68.89228,4,-0.007,1
"2025-06-23 07:00:00",139,13.43,20.11,44,-82,-82,0,413,36592,11.02,0.75,19820,100742,0,0,139,29440,480.6,32000,-77,13,44.04336,-68.8922,5,0,1
"2025-06-23 08:00:00",140,13.52,23.61,44,-99.1,-99,0,414,36592,11.02,0.75,19820,101462,0,0,140,29440,542.6,32062,-75,13,44.04336,-68.89227,4,0.011,1
"2025-06-23 09:00:00",141,13.61,23.17,44,-159.8,-2,0,420,36592,11.02,0.75,19820,102182,0,0,141,29440,600.9,32121,-77,13,"NAN","NAN",4,0.024,1
"2025-06-23 10:00:00",142,13.6,25.51,44,-2.085,-2,0,413,36592,11.02,0.75,19820,102902,0,0,142,29440,661.8,32182,-77,13,44.04333,-68.89218,4,0.032,1
"2025-06-23 11:00:00",143,13.6,24.86,44,-62.96,-32,0,420,36592,11.02,0.75,19820,103622,0,0,143,29440,718.5,32239,-79,13,44.04334,-68.89214,5,0.032,1
"2025-06-23 12:00:00",144,13.6,25.13,43,-31.99,-23,0,413,36592,11.02,0.75,19820,104342,0,0,144,29440,776.4,32297,-79,13,44.04334,-68.89219,5,0.032,1
"2025-06-23 13:00:00",145,13.6,23.27,45,-23.01,-23,0,421,36592,11.02,0.75,19820,105062,0,0,145,29440,838,32359,-79,13,44.04333,-68.89213,4,0.032,1
"2025-06-23 14:00:00",146,13.63,23.38,45,-32.03,-32,0,420,36592,11.02,0.75,19820,105782,0,0,146,29440,903,32424,-79,13,44.04336,-68.89211,4,0.032,1
"2025-06-23 15:00:00",147,13.63,22.86,44,-50.02,-50,0,420,36592,11.02,0.75,19820,106502,0,0,147,29440,966,32487,-79,13,44.04337,-68.89217,5,0.024,1
"2025-06-23 16:00:00",148,13.62,24.3,43,-64.98,-47,0,413,36592,11.02,0.75,19820,107222,0,0,148,29440,1034,32555,-75,13,44.04337,-68.89225,4,0.024,1
"2025-06-23 17:00:00",149,13.63,24.97,44,-47.03,-47,0,414,36592,11.02,0.75,19820,107942,0,0,149,29440,1097,32619,-73,13,44.04338,-68.89226,4,0.024,1
"2025-06-23 18:00:00",150,13.59,26.56,44,-67.93,-14,0,414,36592,11.02,0.75,19820,108662,0,0,150,29440,1164,32686,-75,13,44.04335,-68.89222,4,0.024,1
"2025-06-23 19:00:00",151,13.57,26.17,44,-14.07,-14,0,421,36592,11.02,0.75,19820,109382,0,0,151,29440,1230,32752,-79,13,44.04334,-68.89224,5,0.015,1
"2025-06-23 20:00:00",152,13.58,21.57,46,-63.93,-14,0,414,36592,11.02,0.75,19820,110102,0,0,152,29440,1294,32816,-79,13,44.04333,-68.8922,5,0.015,1
"2025-06-23 21:00:00",153,13.36,18.88,46,-13.91,52,0,421,36592,11.02,0.75,19820,110822,0,0,153,29440,1358,32881,-77,13,44.04331,-68.89218,4,0.008,1
"2025-06-23 22:00:00",154,13.25,18.06,46,51.99,52,0,413,36592,11.02,0.75,19820,111542,0,0,154,29440,1417,32940,-81,13,44.04328,-68.89204,5,0.008,1
"2025-06-23 23:00:00",155,13.2,17.62,46,42.04,69,0,421,36592,11.02,0.75,19820,112262,0,0,155,29440,1473,32997,-77,13,44.04332,-68.89217,4,0.008,1
"2025-06-24 00:00:00",156,13.23,18.28,45,68.96,69,0,414,36592,11.02,0.75,19820,112982,0,0,156,29440,0.011,33062,-81,13,44.04331,-68.89217,5,0.008,1
"2025-06-24 01:00:00",157,13.22,17.5,46,39.01,44,0,421,36592,11.02,0.75,19820,113702,0,0,157,29440,59.19,33121,-83,13,44.04332,-68.89216,4,-0.006,1
"2025-06-24 02:00:00",158,13.23,16.97,46,43.94,44,0,420,36592,11.02,0.75,19820,114422,0,0,158,29440,119.5,33182,-79,13,44.04333,-68.8921,4,-0.006,1
"2025-06-24 03:00:00",159,13.2,16.5,46,0.081,58,0,413,36592,11.02,0.75,19820,115142,0,0,159,29440,177.7,33241,-85,13,44.0433,-68.89223,5,-0.006,1
"2025-06-24 04:00:00",160,13.19,17.1,46,57.97,58,0,420,36592,11.02,0.75,19820,115862,0,0,160,29440,243.1,33307,-79,13,44.0433,-68.89223,7,-0.006,1
"2025-06-24 05:00:00",161,13.21,16.27,46,36.96,37,0,422,36592,11.02,0.75,19820,116582,0,0,161,29440,311.5,33376,-83,13,44.04333,-68.89224,4,-0.006,1
"2025-06-24 06:00:00",162,13.3,16.68,45,6.906,7,0,421,36592,11.02,0.75,19820,117302,0,0,162,29440,382.2,33447,-75,13,44.04335,-68.89223,4,-0.006,1
"2025-06-24 07:00:00",163,13.44,19.08,44,-61.05,-61,0,414,36592,11.02,0.75,19820,118022,0,0,163,29440,460.1,33525,-81,13,44.04328,-68.89221,4,-0.011,1
"2025-06-24 08:00:00",164,13.45,21.64,44,-98,-98,0,421,36592,11.02,0.75,19820,118742,0,0,164,29440,523.5,33589,-83,4,44.04332,-68.89222,4,-0.011,1
"2025-06-24 09:00:00",165,13.65,23.43,44,-98.8,21,0,413,36592,11.02,0.75,19820,119462,0,0,165,29440,590.9,33657,-77,13,44.04334,-68.8922,5,-0.011,1
"2025-06-24 10:00:00",166,13.57,26.93,42,20.92,21,0,422,36592,11.02,0.75,19820,120182,0,0,166,29440,653.1,33720,-81,13,44.04326,-68.89219,4,-0.007,1
"2025-06-24 11:00:00",167,13.57,26.82,43,-38.99,-34,0,414,36592,11.02,0.75,19820,120902,0,0,167,29440,722,33789,-77,13,44.04333,-68.89214,4,-0.007,1
"2025-06-24 12:00:00",168,13.57,24.78,44,-33.99,-24,0,414,36592,11.02,0.75,19820,121622,0,0,168,29440,787.6,33856,-77,13,44.04333,-68.89217,5,-0.007,1
"2025-06-24 13:00:00",169,13.63,22.73,45,-24.05,-24,0,413,36592,11.02,0.75,19820,122342,0,0,169,29440,860,33929,-71,13,44.04329,-68.8921,5,-0.007,1
"2025-06-24 14:00:00",170,13.65,23.27,45,-59.94,-19,0,421,36592,11.02,0.75,19820,123062,0,0,170,29440,928,33997,-77,13,44.04336,-68.8921,4,-0.021,1
"2025-06-24 15:00:00",171,13.66,23.39,44,-19.03,-19,0,420,36592,11.02,0.75,19820,123782,0,0,171,29440,996,34066,-79,13,44.04333,-68.89211,5,-0.021,1
"2025-06-24 16:00:00",172,13.65,22.15,44,-41.01,-41,0,413,36592,11.02,0.75,19820,124502,0,0,172,29440,1062,34133,-77,13,44.04337,-68.89218,5,-0.021,1
"2025-06-24 17:00:00",173,13.66,23.71,44,-49.01,-49,0,421,36592,11.02,0.75,19820,125222,0,0,173,29440,1131,34202,-77,13,44.04337,-68.89219,5,-0.021,1
"2025-06-24 18:00:00",174,13.63,22.45,45,-53.98,-39,0,414,36592,11.02,0.75,19820,125942,0,0,174,29440,1198,34270,-77,13,44.04337,-68.89218,4,-0.036,1
"2025-06-24 19:00:00",175,13.63,24.51,44,-39.03,-39,0,414,36592,11.02,0.75,19820,126662,0,0,175,29440,1260,34333,-75,13,44.04338,-68.89218,6,-0.036,1
"2025-06-24 20:00:00",176,13.56,21.3,45,-59.89,20,0,422,36592,11.02,0.75,19820,127382,0,0,176,29440,1324,34397,-75,13,44.04326,-68.89224,5,-0.04,1
"2025-06-24 21:00:00",177,13.35,20.25,46,20.01,24,0,414,36592,11.02,0.75,19820,128102,0,0,177,29440,1386,34459,-77,13,44.04332,-68.89219,4,-0.04,1
"2025-06-24 22:00:00",178,13.25,19.36,45,24.01,30,0,414,36592,11.02,0.75,19820,128822,0,0,178,29440,1448,34522,-81,13,44.04334,-68.89219,4,-0.04,1
"2025-06-24 23:00:00",179,13.21,18.57,45,30.06,70,0,414,36592,11.02,0.75,19820,129542,0,0,179,29440,1507,34581,-85,4,44.04329,-68.89216,5,-0.04,1
"2025-06-25 00:00:00",180,13.19,17.9,45,70,70,0,413,36592,11.02,0.75,19820,130262,0,0,180,29440,0,34641,-75,13,44.0433,-68.89216,5,-0.039,1
"2025-06-25 01:00:00",181,13.2,18.62,45,67.01,73,0,422,36592,11.02,0.75,19820,130982,0,0,181,29440,58.23,34700,-79,13,44.0433,-68.89217,5,-0.039,1
"2025-06-25 02:00:00",182,13.19,18.89,44,73,75,0,414,36592,11.02,0.75,19820,131702,0,0,182,29440,121.5,34764,-77,13,44.0433,-68.89216,6,-0.039,1
"2025-06-25 03:00:00",183,13.21,17.76,46,74.96,75,0,422,36592,11.02,0.75,19820,132422,0,0,183,29440,182.8,34826,-75,13,"NAN","NAN",4,-0.039,1
"2025-06-25 04:00:00",184,13.2,18.03,46,45.01,53,0,414,36592,11.02,0.75,19820,133142,0,0,184,29440,245,34888,-91,4,"NAN","NAN",4,-0.039,1
"2025-06-25 05:00:00",185,13.23,18.7,45,52.94,53,0,422,36592,11.02,0.75,19820,133862,0,0,185,29440,315.6,34959,-75,13,44.04325,-68.89221,4,-0.039,1
"2025-06-25 06:00:00",186,13.48,21.92,45,7.74,8,0,420,36592,11.02,0.75,19820,134582,0,0,186,29440,380,35024,-85,4,44.04325,-68.89221,4,-0.034,1
"2025-06-25 07:00:00",187,13.59,23.82,44,-179.1,-179,0,421,36592,11.02,0.75,19820,135302,0,0,187,29440,454.2,35098,-51,4,44.04329,-68.89227,4,-0.032,1
"2025-06-25 08:00:00",188,13.6,23.17,44,-280.7,-95,0,413,36592,11.02,0.75,19820,136022,0,0,188,29440,517.7,35162,-77,13,44.04332,-68.89221,4,-0.017,1
"2025-06-25 09:00:00",189,13.63,23.76,44,-94.9,-31,0,414,36592,11.02,0.75,19820,136742,0,0,189,29440,579.9,35225,-81,13,44.04335,-68.89227,5,-0.017,1
"2025-06-25 10:00:00",190,13.57,26.35,45,-30.96,0,0,414,36592,11.02,0.75,19820,137462,0,0,190,29440,640,35286,-77,13,44.04332,-68.8922,6,-0.017,1
"2025-06-25 11:00:00",191,13.57,25.14,45,-0.003,0,0,420,36592,11.02,0.75,19820,138182,0,0,191,29440,707.6,35354,-77,13,44.04329,-68.89214,4,-0.017,1
"2025-06-25 12:00:00",192,13.58,25.75,45,-2.039,-2,0,421,36592,11.02,0.75,19820,138902,0,0,192,29440,765.2,35412,-75,13,44.04329,-68.89217,4,-0.012,1
"2025-06-25 13:00:00",193,13.58,27.26,44,-29.99,-21,0,413,36592,11.02,0.75,19820,139622,0,0,193,29440,838,35485,-89,4,44.04333,-68.89217,4,-0.003,1
"2025-06-25 14:00:00",194,13.58,27.35,46,-21,-19,0,421,36592,11.02,0.75,19820,140342,0,0,194,29440,884,35532,-77,13,44.0433,-68.89214,5,-0.003,1
"2025-06-25 15:00:00",195,13.51,29.13,45,-19,-16,0,414,36592,11.02,0.75,19820,141062,0,0,195,29440,948,35596,-79,13,44.0433,-68.89213,6,-0.003,1
"2025-06-25 16:00:00",196,13.52,27.27,45,-16.04,-16,0,422,36592,11.02,0.75,19820,141782,0,0,196,29440,1014,35662,-77,13,44.04333,-68.89214,4,-0.003,1
"2025-06-25 17:00:00",197,13.54,28.13,44,-42.97,-20,0,414,36592,11.02,0.75,19820,142502,0,0,197,29440,1077,35726,-77,13,44.04333,-68.89218,5,-0.009,1
"2025-06-25 18:00:00",198,13.54,28.4,44,-20.04,-20,0,414,36592,11.02,0.75,19820,143222,0,0,198,29440,1134,35783,-79,13,44.0433,-68.89222,6,-0.009,1
"2025-06-25 19:00:00",199,13.52,29.94,44,-51,-51,0,421,36592,11.02,0.75,19820,143942,0,0,199,29440,1197,35846,-75,13,44.04329,-68.89226,5,-0.01,1
"2025-06-25 20:00:00",200,13.51,23.6,45,-50.94,-6,0,421,36592,11.02,0.75,19820,144662,0,0,200,29440,1261,35912,-77,13,44.04337,-68.89226,6,-0.01,1
"2025-06-25 21:00:00",201,13.3,19.94,45,-5.936,40,0,414,36592,11.02,0.75,19820,145382,0,0,201,29440,1325,35977,-79,13,44.04338,-68.89224,4,-0.01,1
"2025-06-25 22:00:00",202,13.23,22.54,45,40.03,65,0,420,36592,11.02,0.75,19820,146102,0,0,202,29440,1389,36041,-75,13,44.04335,-68.89222,6,-0.01,1
"2025-06-25 23:00:00",203,13.22,21.22,47,65.03,84,0,413,36592,11.02,0.75,19820,146822,0,0,203,29440,1448,36101,-81,13,44.04329,-68.89217,5,-0.007,1
"2025-06-26 00:00:00",204,13.22,20.8,46,84,84,0,414,36592,11.02,0.75,19820,147542,0,0,204,29440,0,36180,-89,4,44.04329,-68.89214,4,0,1
"2025-06-26 01:00:00",205,13.2,18.98,46,76,76,0,422,36592,11.02,0.75,19820,148262,0,0,205,29440,62.84,36243,-87,4,44.04321,-68.89217,5,0.011,1
"2025-06-26 02:00:00",206,13.23,17.94,46,74.97,75,0,413,36592,11.02,0.75,19820,148982,0,0,206,29440,148.6,36329,-89,4,44.04325,-68.89214,4,0.014,1
"2025-06-26 03:00:00",207,13.2,17.36,47,50.03,73,0,413,36592,11.02,0.75,19820,149702,0,0,207,29440,212.8,36394,-85,4,44.04327,-68.89217,4,0.019,1
"2025-06-26 04:00:00",208,13.22,16.52,47,72.93,73,0,413,36592,11.02,0.75,19820,150422,0,0,208,29440,280.5,36463,-77,13,44.04327,-68.89218,4,0.022,1
"2025-06-26 05:00:00",209,13.22,15.98,47,21.02,37,0,421,36592,11.02,0.75,19820,151142,0,0,209,29440,342.7,36526,-87,4,44.04325,-68.8922,5,0.038,1
"2025-06-26 06:00:00",210,13.32,16.14,46,36.91,37,0,413,36592,11.02,0.75,19820,151862,0,0,210,29440,406.6,36590,-75,13,44.04324,-68.8922,5,0.039,1
"2025-06-26 07:00:00",211,13.55,19.14,45,-28.23,-28,0,414,36592,11.02,0.75,19820,152582,0,0,211,29440,469.1,36653,-87,4,44.04325,-68.89224,8,0.052,1
"2025-06-26 08:00:00",212,13.68,20.83,44,-193.9,-90,0,413,36592,11.02,0.75,19820,153302,0,0,212,29440,532.5,36717,-77,13,44.04336,-68.89227,4,0.052,1
"2025-06-26 09:00:00",213,13.69,21.03,45,-89.9,-52,0,414,36592,11.02,0.75,19820,154022,0,0,213,29440,600.6,36785,-87,4,44.04332,-68.89224,4,0.062,1
"2025-06-26 10:00:00",214,13.68,23.38,44,-52,-49,0,421,36592,11.02,0.75,19820,154742,0,0,214,29440,674.8,36860,-77,13,44.04328,-68.89219,5,0.062,1
"2025-06-26 11:00:00",215,13.64,23.87,44,-48.96,-18,0,413,36592,11.02,0.75,19820,155462,0,0,215,29440,738.7,36924,-75,13,44.04335,-68.8922,4,0.066,1
"2025-06-26 12:00:00",216,13.62,23.87,43,-18.02,-18,0,421,36592,11.02,0.75,19820,156182,0,0,216,29440,802,36988,-79,13,44.04336,-68.8922,4,0.066,1
"2025-06-26 13:00:00",217,13.62,24.24,44,-31.99,-26,0,421,36592,11.02,0.75,19820,156902,0,0,217,29440,864,37050,-73,13,44.04329,-68.89224,6,0.067,1
"2025-06-26 14:00:00",218,13.66,20.46,44,-26.02,-26,0,414,36592,11.02,0.75,19820,157622,0,0,218,29440,927,37113,-85,4,44.04334,-68.8922,4,0.067,1
"2025-06-26 15:00:00",219,13.7,19.01,44,-42.98,-31,0,414,36592,11.02,0.75,19820,158342,0,0,219,29440,1000,37186,-75,13,44.04328,-68.8921,4,0.067,1
"2025-06-26 16:00:00",220,13.7,19.66,44,-30.97,-12,0,414,36592,11.02,0.75,19820,159062,0,0,220,29440,1067,37253,-77,13,44.04331,-68.89212,7,0.067,1
"2025-06-26 17:00:00",221,13.69,18.55,44,-12.02,-12,0,413,36592,11.02,0.75,19820,159782,0,0,221,29440,1133,37320,-77,13,44.04329,-68.89211,6,0.061,1
"2025-06-26 18:00:00",222,13.73,18.42,44,-25.01,-25,0,421,36592,11.02,0.75,19820,160502,0,0,222,29440,1199,37385,-79,13,44.04327,-68.89221,4,0.061,1
"2025-06-26 19:00:00",223,13.69,17.48,45,-31.97,-12,0,420,36592,11.02,0.75,19820,161222,0,0,223,29440,1266,37453,-91,4,"NAN","NAN",4,0.061,1
"2025-06-26 20:00:00",224,13.59,17.01,45,-12.03,-12,0,421,36592,11.02,0.75,19820,161942,0,0,224,29440,1322,37510,-91,13,44.04333,-68.8922,4,0.061,1
"2025-06-26 21:00:00",225,13.32,16.27,46,-32.89,43,0,421,36592,11.02,0.75,19820,162662,0,0,225,29440,1385,37574,-79,13,44.04334,-68.89219,5,0.061,1
"2025-06-26 22:00:00",226,13.22,15.63,46,42.98,43,0,414,36592,11.02,0.75,19820,163382,0,0,226,29440,1449,37640,-81,13,44.04338,-68.89219,4,0.061,1
"2025-06-26 23:00:00",227,13.18,15.53,46,32.05,69,0,420,36592,11.02,0.75,19820,164102,0,0,227,29440,1521,37713,-91,4,44.04335,-68.89217,5,0.061,1
"2025-06-27 00:00:00",228,13.22,14.65,46,68.94,69,0,413,36592,11.02,0.75,19820,164822,0,0,228,29440,0.066,37779,-81,13,44.04335,-68.89218,4,0.061,1
"2025-06-27 01:00:00",229,13.2,14.91,45,29.01,33,0,421,36592,11.02,0.75,19820,165542,0,0,229,29440,61.82,37842,-75,13,44.0433,-68.89217,4,0.065,1
"2025-06-27 02:00:00",230,13.21,14.56,46,33,36,0,422,36592,11.02,0.75,19820,166262,0,0,230,29440,130.5,37912,-81,13,44.04331,-68.89213,4,0.065,1
"2025-06-27 03:00:00",231,13.19,13.78,45,36,38,0,413,36592,11.02,0.75,19820,166982,0,0,231,29440,187.8,37970,-77,13,"NAN","NAN",4,0.07,1
"2025-06-27 04:00:00",232,13.16,13.95,45,38.03,58,0,421,36592,11.02,0.75,19820,167702,0,0,232,29440,258.5,38042,-77,13,44.0433,-68.89216,6,0.07,1
"2025-06-27 05:00:00",233,13.2,13.17,46,57.95,58,0,414,36592,11.02,0.75,19820,168422,0,0,233,29440,346.2,38132,-81,4,44.04333,-68.89208,4,0.071,1
"2025-06-27 06:00:00",234,13.48,15.21,46,19.83,20,0,414,36592,11.02,0.75,19820,169142,0,0,234,29440,397.3,38183,-89,4,"NAN","NAN",4,0.071,1
"2025-06-27 07:00:00",235,13.61,19,44,-100.2,-100,0,420,36592,11.02,0.75,19820,169862,0,0,235,29440,456.8,38244,-89,4,44.0432,-68.89222,4,0.073,1
"2025-06-27 08:00:00",236,13.66,20.62,45,-219.8,-55,0,420,36592,11.02,0.75,19820,170582,0,0,236,29440,518,38306,-85,4,44.04328,-68.89227,5,0.076,1
"2025-06-27 09:00:00",237,13.66,23.77,43,-55,-53,0,414,36592,11.02,0.75,19820,171302,0,0,237,29440,577.9,38366,-79,13,44.04331,-68.8922,4,0.095,1
"2025-06-27 10:00:00",238,13.63,23.67,43,-53.02,-53,0,421,36592,11.02,0.75,19820,172022,0,0,238,29440,636.4,38426,-79,13,44.04331,-68.8922,4,0.098,1
"2025-06-27 11:00:00",239,13.63,23.85,43,-69.95,-33,0,421,36592,11.02,0.75,19820,172742,0,0,239,29440,696,38486,-79,13,44.04333,-68.89223,4,0.103,1
"2025-06-27 12:00:00",240,13.61,25.56,43,-32.99,-26,0,414,36592,11.02,0.75,19820,173462,0,0,240,29440,758.7,38550,-79,13,44.04332,-68.8922,7,0.104,1
"2025-06-27 13:00:00",241,13.58,25.27,46,-26.01,-26,0,414,36592,11.02,0.75,19820,174182,0,0,241,29440,829,38621,-75,13,44.04329,-68.89217,6,0.105,1
"2025-06-27 14:00:00",242,13.62,23.52,45,-29.98,-16,0,420,36592,11.02,0.75,19820,174902,0,0,242,29440,891,38684,-79,13,44.04331,-68.89214,4,0.105,1
"2025-06-27 15:00:00",243,13.63,23.27,45,-16.04,-16,0,421,36592,11.02,0.75,19820,175622,0,0,243,29440,951,38745,-75,13,44.0433,-68.89217,5,0.105,1
"2025-06-27 16:00:00",244,13.63,22.59,44,-42.99,-36,0,413,36592,11.02,0.75,19820,176342,0,0,244,29440,1016,38811,-79,13,44.04328,-68.89208,4,0.105,1
"2025-06-27 17:00:00",245,13.66,22.14,44,-36,-36,0,414,36592,11.02,0.75,19820,177062,0,0,245,29440,1083,38878,-83,4,44.04326,-68.89212,5,0.102,1
"2025-06-27 18:00:00",246,13.65,20.05,45,-38.01,-38,0,414,36592,11.02,0.75,19820,177782,0,0,246,29440,1150,38947,-85,4,44.04333,-68.89208,5,0.102,1
"2025-06-27 19:00:00",247,13.68,20.81,44,-42.02,-42,0,420,36592,11.02,0.75,19820,178502,0,0,247,29440,1213,39011,-77,13,44.04333,-68.89218,4,0.102,1
"2025-06-27 20:00:00",248,13.57,18.43,45,-58.94,-13,0,414,36592,11.02,0.75,19820,179222,0,0,248,29440,1285,39084,-75,13,44.04332,-68.89223,4,0.102,1
"2025-06-27 21:00:00",249,13.35,15.87,47,-12.98,-2,0,420,36592,11.02,0.75,19820,179942,0,0,249,29440,1353,39153,-83,4,44.04333,-68.89222,6,0.102,1
"2025-06-27 22:00:00",250,13.26,15.27,47,-1.985,9,0,414,36592,11.02,0.75,19820,180662,0,0,250,29440,1421,39222,-51,4,44.04325,-68.89228,4,0.091,1
"2025-06-27 23:00:00",251,13.22,15.78,46,9,10,0,413,36592,11.02,0.75,19820,181382,0,0,251,29440,1485,39287,-77,13,44.04316,-68.89214,4,0.091,1
"2025-06-28 00:00:00",252,13.19,15.53,46,10.07,61,0,414,36592,11.02,0.75,19820,182102,0,0,252,29440,0,39354,-75,13,44.04331,-68.8922,6,0.081,1
"2025-06-28 01:00:00",253,13.22,15.14,47,60.93,61,0,414,36592,11.02,0.75,19820,182822,0,0,253,29440,61.27,39416,-81,13,44.04335,-68.89218,4,0.081,1
"2025-06-28 02:00:00",254,13.19,15.59,47,14.05,52,0,413,36592,11.02,0.75,19820,183542,0,0,254,29440,119.2,39475,-75,13,44.0433,-68.89216,5,0.079,1
"2025-06-28 03:00:00",255,13.19,15.71,46,52.02,64,0,421,36592,11.02,0.75,19820,184262,0,0,255,29440,178.6,39535,-79,13,44.04334,-68.89208,4,0.079,1
"2025-06-28 04:00:00",256,13.21,15.38,46,63.95,64,0,413,36592,11.02,0.75,19820,184982,0,0,256,29440,247.9,39606,-81,13,44.04329,-68.89214,5,0.073,1
"2025-06-28 05:00:00",257,13.2,16.19,46,30.95,31,0,421,36592,11.02,0.75,19820,185702,0,0,257,29440,312.9,39672,-73,13,44.04329,-68.89212,6,0.073,1
"2025-06-28 06:00:00",258,13.21,16.07,46,-1.988,7,0,413,36592,11.02,0.75,19820,186422,0,0,258,29440,377.5,39738,-77,13,44.04333,-68.8921,5,0.071,1
"2025-06-28 07:00:00",259,13.24,15.41,47,6.989,7,0,421,36592,11.02,0.75,19820,187142,0,0,259,29440,426.9,39788,-89,4,44.04333,-68.8922,4,0.071,1
"2025-06-28 08:00:00",260,13.24,15.6,46,-1.011,-1,0,413,36592,11.02,0.75,19820,187862,0,0,260,29440,487.8,39850,-91,4,44.04328,-68.89221,4,0.071,1
"2025-06-28 09:00:00",261,13.21,14.57,46,-8.98,4,0,414,36592,11.02,0.75,19820,188582,0,0,261,29440,545.1,39908,-79,13,44.04329,-68.89222,4,0.071,1
"2025-06-28 10:00:00",262,13.26,13.76,46,3.964,4,0,414,36592,11.02,0.75,19820,189302,0,0,262,29440,602.1,39966,-75,13,44.04334,-68.89227,4,0.071,1
"2025-06-28 11:00:00",263,13.36,14.52,45,-22.07,-22,0,413,36592,11.02,0.75,19820,190022,0,0,263,29440,664,40029,-79,13,44.04332,-68.89222,5,0.071,1
"2025-06-28 12:00:00",264,13.38,15.33,45,-70.97,-47,0,421,36592,11.02,0.75,19820,190742,0,0,264,29440,730,40096,-77,13,44.04322,-68.89226,4,0.07,1
"2025-06-28 13:00:00",265,13.4,15.31,45,-47.06,-47,0,421,36592,11.02,0.75,19820,191462,0,0,265,29440,798.9,40166,-75,13,44.04336,-68.89218,4,0.07,1
"2025-06-28 14:00:00",266,13.36,16.08,45,-86.9,-35,0,420,36592,11.02,0.75,19820,192182,0,0,266,29440,864,40231,-75,13,44.04329,-68.89218,4,0.054,1
"2025-06-28 15:00:00",267,13.3,15.38,46,-34.95,1,0,414,36592,11.02,0.75,19820,192902,0,0,267,29440,932,40300,-77,13,44.04329,-68.89222,4,0.054,1
"2025-06-28 16:00:00",268,13.25,14.99,46,1.044,33,0,420,36592,11.02,0.75,19820,193622,0,0,268,29440,986,40355,-81,13,44.04329,-68.89222,4,0.037,1
"2025-06-28 17:00:00",269,13.22,14.83,47,32.99,33,0,414,36592,11.02,0.75,19820,194342,0,0,269,29440,1064,40434,-91,4,44.04331,-68.89211,4,0.037,1
"2025-06-28 18:00:00",270,13.2,15.95,46,23.01,30,0,421,36592,11.02,0.75,19820,195062,0,0,270,29440,1130,40502,-77,13,44.04336,-68.89229,4,0.037,1
"2025-06-28 19:00:00",271,13.24,15.46,47,29.96,30,0,420,36592,11.02,0.75,19820,195782,0,0,271,29440,1196,40569,-91,4,44.04331,-68.8922,4,0.037,1
"2025-06-28 20:00:00",272,13.19,15.64,47,-0.928,51,0,414,36592,11.02,0.75,19820,196502,0,0,272,29440,1268,40643,-79,13,44.04327,-68.89223,4,0.037,1
"2025-06-28 21:00:00",273,13.2,14.82,47,50.95,51,0,420,36592,11.02,0.75,19820,197222,0,0,273,29440,1337,40713,-83,13,44.04328,-68.89223,5,0.037,1
"2025-06-28 22:00:00",274,13.2,14.83,47,11.99,12,0,421,36592,11.02,0.75,19820,197942,0,0,274,29440,1409,40786,-83,4,44.04329,-68.89223,5,0.001,1
"2025-06-28 23:00:00",275,13.16,14.99,46,3.049,38,0,414,36592,11.02,0.75,19820,198662,0,0,275,29440,1488,40867,-75,13,44.04333,-68.89223,4,-0.007,1
"2025-06-29 00:00:00",276,13.19,14.52,46,37.97,38,0,414,36592,11.02,0.75,19820,199382,0,0,276,29440,0.012,40945,-77,13,44.04331,-68.89222,4,-0.007,1
"2025-06-29 01:00:00",277,13.16,14.53,46,18.08,78,0,414,36592,11.02,0.75,19820,200102,0,0,277,29440,62.56,41009,-75,13,44.04333,-68.89219,4,-0.007,1
"2025-06-29 02:00:00",278,13.2,14.75,46,77.95,78,0,414,36592,11.02,0.75,19820,200822,0,0,278,29440,127.9,41076,-81,13,44.04331,-68.89218,5,-0.007,1
"2025-06-29 03:00:00",279,13.17,14.41,47,41.06,86,0,413,36592,11.02,0.75,19820,201542,0,0,279,29440,184.1,41133,-79,13,"NAN","NAN",4,-0.016,1
"2025-06-29 04:00:00",280,13.21,14.22,47,85.9,86,0,414,36592,11.02,0.75,19820,202262,0,0,280,29440,271.8,41222,-81,13,"NAN","NAN",4,-0.016,1
"2025-06-29 05:00:00",281,13.2,15.16,47,26.03,50,0,414,36592,11.02,0.75,19820,202982,0,0,281,29440,326.5,41277,-81,13,44.04329,-68.89211,5,-0.027,1
"2025-06-29 06:00:00",282,13.21,15.43,46,49.96,50,0,421,36592,11.02,0.75,19820,203702,0,0,282,29440,391.8,41344,-83,13,44.04336,-68.89217,4,-0.027,1
"2025-06-29 07:00:00",283,13.24,15.36,47,21.96,22,0,422,36592,11.02,0.75,19820,204422,0,0,283,29440,455,41408,-87,4,44.04321,-68.89213,4,-0.027,1
"2025-06-29 08:00:00",284,13.35,15.37,46,-4.097,-4,0,414,36592,11.02,0.75,19820,205142,0,0,284,29440,514,41469,-81,13,44.04329,-68.89225,4,-0.026,1
"2025-06-29 09:00:00",285,13.4,16.77,46,-74.02,-74,0,421,36592,11.02,0.75,19820,205862,0,0,285,29440,582.2,41538,-77,13,44.04323,-68.89221,4,-0.017,1
"2025-06-29 10:00:00",286,13.44,18.79,45,-91,-91,0,421,36592,11.02,0.75,19820,206582,0,0,286,29440,644.7,41602,0,13,44.04328,-68.8922,5,-0.017,1
"2025-06-29 11:00:00",287,13.49,19.68,44,-117,-117,0,420,36592,11.02,0.75,19820,207302,0,0,287,29440,711,41670,-77,13,44.04332,-68.89223,5,-0.015,1
"2025-06-29 12:00:00",288,13.61,24.43,43,-143.2,-143,0,414,36592,11.02,0.75,19820,208022,0,0,288,29440,776.1,41736,-83,4,44.04338,-68.89223,5,-0.015,1
"2025-06-29 13:00:00",289,13.61,25.45,43,-277.8,-112,0,413,36592,11.02,0.75,19820,208742,0,0,289,29440,842,41803,-79,13,"NAN","NAN",4,-0.015,1
"2025-06-29 14:00:00",290,13.63,24.05,44,-111.9,-52,0,421,36592,11.02,0.75,19820,209462,0,0,290,29440,902,41865,-81,13,44.04331,-68.8922,4,-0.015,1
"2025-06-29 15:00:00",291,13.63,23.28,44,-51.97,-29,0,421,36592,11.02,0.75,19820,210182,0,0,291,29440,965,41929,-75,13,44.04332,-68.89217,4,-0.015,1
"2025-06-29 16:00:00",292,13.63,22.57,44,-29.02,-29,0,414,36592,11.02,0.75,19820,210902,0,0,292,29440,1029,41994,-81,13,44.04329,-68.89216,4,-0.015,1
"2025-06-29 17:00:00",293,13.66,22.35,45,-42.98,-25,0,414,36592,11.02,0.75,19820,211622,0,0,293,29440,1088,42054,-77,4,44.04323,-68.89214,5,-0.023,1
"2025-06-29 18:00:00",294,13.67,20.2,45,-24.99,-20,0,421,36592,11.02,0.75,19820,212342,0,0,294,29440,1134,42101,-81,13,44.04331,-68.89214,4,-0.023,1
"2025-06-29 19:00:00",295,13.61,18.71,45,-19.95,14,0,413,36592,11.02,0.75,19820,213062,0,0,295,29440,1188,42156,-77,13,44.04323,-68.89208,4,-0.023,1
"2025-06-29 20:00:00",296,13.48,17.3,47,14,14,0,414,36592,11.02,0.75,19820,213782,0,0,296,29440,1244,42213,-77,13,"NAN","NAN",4,-0.023,1
"2025-06-29 21:00:00",297,13.31,16.63,47,12,15,0,414,36592,11.02,0.75,19820,214502,0,0,297,29440,1305,42275,-87,4,44.04329,-68.89223,5,-0.023,1
"2025-06-29 22:00:00",298,13.22,17.4,46,15.02,27,0,414,36592,11.02,0.75,19820,215222,0,0,298,29440,1364,42335,-79,13,44.04332,-68.89234,4,-0.023,1
"2025-06-29 23:00:00",299,13.12,16.51,46,27.03,49,0,413,36592,11.02,0.75,19820,215942,0,0,299,29440,1422,42394,-77,13,44.04335,-68.89223,4,-0.016,1
"2025-06-30 00:00:00",300,13.2,15.69,46,49.14,150,0,414,36592,11.02,0.75,19820,216662,0,0,300,29440,0.099,42454,-83,4,44.04333,-68.89219,4,-0.016,1
"2025-06-30 01:00:00",301,13.2,15.55,47,149.8,150,0,414,36592,11.02,0.75,19820,217382,0,0,301,29440,56.23,42511,-81,13,44.04332,-68.8922,4,-0.016,1
"2025-06-30 02:00:00",302,13.22,15.03,47,21.01,25,0,414,36592,11.02,0.75,19820,218102,0,0,302,29440,115.9,42572,-77,13,44.04326,-68.89217,4,-0.016,1
"2025-06-30 03:00:00",303,13.2,15.32,46,25.03,49,0,414,36592,11.02,0.75,19820,218822,0,0,303,29440,172.1,42629,-79,13,44.04329,-68.89223,4,-0.016,1
"2025-06-30 04:00:00",304,13.21,15.2,46,48.99,49,0,414,36592,11.02,0.75,19820,219542,0,0,304,29440,226,42684,-79,13,44.04329,-68.8922,4,-0.016,1
"2025-06-30 05:00:00",305,13.21,15.1,46,41,41,0,421,36592,11.02,0.75,19820,220262,0,0,305,29440,304,42763,-87,4,44.04329,-68.89214,6,-0.016,1
"2025-06-30 06:00:00",306,13.42,20.33,44,37.77,38,0,414,36592,11.02,0.75,19820,220982,0,0,306,29440,370.2,42830,-77,13,44.04329,-68.89214,4,-0.016,1
"2025-06-30 07:00:00",307,13.44,23.21,44,-125.9,-76,0,421,36592,11.02,0.75,19820,221702,0,0,307,29440,431.9,42893,-75,13,44.04326,-68.89211,5,-0.013,1
"2025-06-30 08:00:00",308,13.7,21.7,46,-75.89,2,0,413,36592,11.02,0.75,19820,222422,0,0,308,29440,490.8,42953,-77,13,44.0433,-68.89207,4,-0.002,1
"2025-06-30 09:00:00",309,13.65,23.66,46,1.979,2,0,414,36592,11.02,0.75,19820,223142,0,0,309,29440,555.5,43018,-79,13,44.04331,-68.89227,5,0.008,1
"2025-06-30 10:00:00",310,13.61,24.49,45,-13.06,-13,0,422,36592,11.02,0.75,19820,223862,0,0,310,29440,620.9,43084,-77,13,44.04321,-68.89212,4,0.008,1
"2025-06-30 11:00:00",311,13.6,23.36,45,-53,-50,0,413,36592,11.02,0.75,19820,224582,0,0,311,29440,686.4,43151,-79,13,44.0433,-68.89223,6,0.008,1
"2025-06-30 12:00:00",312,13.62,23.11,45,-50.01,-50,0,419,36592,11.02,0.75,19820,225302,0,0,312,29440,745.6,43211,-77,13,44.04333,-68.89223,5,0.008,1
"2025-06-30 13:00:00",313,13.63,21.88,45,-57.99,-51,0,420,36592,11.02,0.75,19820,226022,0,0,313,29440,808,43274,-77,13,44.04337,-68.89223,5,0.008,1
"2025-06-30 14:00:00",314,13.63,21.9,45,-50.99,-41,0,414,36592,11.02,0.75,19820,226742,0,0,314,29440,866,43333,-77,13,44.04332,-68.89216,4,0.008,1
"2025-06-30 15:00:00",315,13.63,22.27,45,-41.01,-41,0,413,36592,11.02,0.75,19820,227462,0,0,315,29440,928,43396,-75,13,44.04329,-68.89217,4,0.001,1
"2025-06-30 16:00:00",316,13.63,22.05,45,-48.99,-40,0,420,36592,11.02,0.75,19820,228182,0,0,316,29440,984,43453,-79,13,44.04333,-68.89216,4,0.001,1
"2025-06-30 17:00:00",317,13.62,21.94,45,-39.97,-19,0,422,36592,11.02,0.75,19820,228902,0,0,317,29440,1038,43507,-79,13,44.04331,-68.89214,5,-0.005,1
"2025-06-30 18:00:00",318,13.66,22.27,44,-19.03,-19,0,414,36592,11.02,0.75,19820,229622,0,0,318,29440,1091,43561,-79,13,44.04329,-68.89217,4,-0.005,1
"2025-06-30 19:00:00",319,13.64,21.96,44,-40.96,-13,0,414,36592,11.02,0.75,19820,230342,0,0,319,29440,1147,43618,-79,13,44.04326,-68.89217,4,-0.005,1
"2025-06-30 20:00:00",320,13.64,20.13,45,-13.01,-13,0,421,36592,11.02,0.75,19820,231062,0,0,320,29440,1208,43680,-77,13,44.04329,-68.89211,5,-0.005,1
"2025-06-30 21:00:00",321,13.39,16.86,47,-22.91,41,0,414,36592,11.02,0.75,19820,231782,0,0,321,29440,1264,43738,-73,13,44.04333,-68.89213,7,-0.013,1
"2025-06-30 22:00:00",322,13.28,16.4,47,40.97,41,0,414,36592,11.02,0.75,19820,232502,0,0,322,29440,1321,43796,-79,13,44.04331,-68.89216,4,-0.013,1
"2025-06-30 23:00:00",323,13.2,17.51,46,19.02,36,0,414,36592,11.02,0.75,19820,233222,0,0,323,29440,1382,43858,-77,13,44.04326,-68.89226,4,-0.015,1
"2025-07-01 00:00:00",324,13.2,16.95,46,35.98,36,0,422,36592,11.02,0.75,19820,233942,0,0,324,29440,0.287,0,-79,13,44.04334,-68.89221,4,-0.015,1
"2025-07-01 01:00:00",325,13.18,16.3,46,20.02,33,0,419,36592,11.02,0.75,19820,234662,0,0,325,29440,63.59,63,-51,13,44.04337,-68.89226,4,-0.015,1
"2025-07-01 02:00:00",326,13.23,16.1,47,32.98,33,0,414,36592,11.02,0.75,19820,235382,0,0,326,29440,133.6,133,-77,13,44.04333,-68.8922,4,-0.015,1
"2025-07-01 03:00:00",327,13.21,16.03,48,21.99,22,0,414,36592,11.02,0.75,19820,236102,0,0,327,29440,194.1,194,-77,13,44.0433,-68.89218,5,-0.032,1
"2025-07-01 04:00:00",328,13.21,15.51,47,17.01,25,0,414,36592,11.02,0.75,19820,236822,0,0,328,29440,254.4,254,-77,13,44.0433,-68.89217,5,-0.032,1
"2025-07-01 05:00:00",329,13.22,15.34,47,25.03,45,0,421,36592,11.02,0.75,19820,237542,0,0,329,29440,311.8,311,-81,13,44.04331,-68.89214,5,-0.038,1
"2025-07-01 06:00:00",330,13.23,16.16,46,44.98,45,0,413,36592,11.02,0.75,19820,238262,0,0,330,29440,371.4,371,-73,13,44.04329,-68.89217,7,-0.038,1
"2025-07-01 07:00:00",331,13.29,16.37,46,28.96,29,0,414,36592,11.02,0.75,19820,238982,0,0,331,29440,435.4,435,-79,13,44.04333,-68.89217,4,-0.038,1
"2025-07-01 08:00:00",332,13.36,17.03,46,-1.082,-1,0,413,36592,11.02,0.75,19820,239702,0,0,332,29440,492.2,492,-81,13,44.04329,-68.89212,5,-0.044,1
"2025-07-01 09:00:00",333,13.4,16.91,46,-60.03,-60,0,414,36592,11.02,0.75,19820,240422,0,0,333,29440,551.1,551,-75,13,44.04329,-68.89221,4,-0.044,1
"2025-07-01 10:00:00",334,13.46,18.14,47,-82,-82,0,421,36592,11.02,0.75,19820,241142,0,0,334,29440,627.4,627,-87,4,44.04318,-68.89205,4,-0.051,1
"2025-07-01 11:00:00",335,13.46,17.58,47,-97,-97,0,421,36592,11.02,0.75,19820,241862,0,0,335,29440,679.8,679,-89,4,"NAN","NAN",4,-0.051,1
"2025-07-01 12:00:00",336,13.55,18.21,46,-108,-108,0,414,36592,11.02,0.75,19820,242582,0,0,336,29440,739.8,739,-75,13,44.04329,-68.89221,4,-0.051,1
"2025-07-01 13:00:00",337,13.74,18.13,46,-117.9,-59,0,413,36592,11.02,0.75,19820,243302,0,0,337,29440,798.9,798,-77,13,44.04334,-68.89221,4,-0.051,1
"2025-07-01 14:00:00",338,13.74,18.77,46,-58.99,-50,0,421,36592,11.02,0.75,19820,244022,0,0,338,29440,857,857,-73,13,44.04332,-68.8922,5,-0.068,1
"2025-07-01 15:00:00",339,13.72,20.05,46,-50.01,-50,0,422,36592,11.02,0.75,19820,244742,0,0,339,29440,920,920,-79,13,"NAN","NAN",4,-0.068,1
"2025-07-01 16:00:00",340,13.68,21.68,46,-58.96,-28,0,414,36592,11.02,0.75,19820,245462,0,0,340,29440,980,979,-79,13,44.04334,-68.89217,4,-0.087,1
"2025-07-01 17:00:00",341,13.65,23.07,46,-28.01,-28,0,413,36592,11.02,0.75,19820,246182,0,0,341,29440,1040,1039,-77,13,44.04333,-68.89216,4,-0.087,1
"2025-07-01 18:00:00",342,13.66,23.73,45,-32,-30,0,414,36592,11.02,0.75,19820,246902,0,0,342,29440,1099,1099,-75,13,44.04331,-68.89218,6,-0.094,1
"2025-07-01 19:00:00",343,13.6,22.35,45,-29.9,42,0,413,36592,11.02,0.75,19820,247622,0,0,343,29440,1158,1158,-79,13,44.04334,-68.89213,4,-0.094,1
"2025-07-01 20:00:00",344,13.5,20.87,45,41.97,42,0,414,36592,11.02,0.75,19820,248342,0,0,344,29440,1218,1217,-77,13,44.0433,-68.89214,4,-0.099,1
"2025-07-01 21:00:00",345,13.29,18.85,46,20.04,50,0,421,36592,11.02,0.75,19820,249062,0,0,345,29440,1281,1281,-75,13,44.04329,-68.8921,5,-0.099,1
"2025-07-01 22:00:00",346,13.24,18.25,47,49.99,50,0,413,36592,11.02,0.75,19820,249782,0,0,346,29440,1342,1342,-79,13,44.04333,-68.89217,7,-0.099,1
"2025-07-01 23:00:00",347,13.21,18.24,47,40.99,41,0,413,36592,11.02,0.75,19820,250502,0,0,347,29440,1403,1402,-77,13,44.04326,-68.89221,4,-0.099,1
"2025-07-02 00:00:00",348,13.19,18.48,46,33.05,69,0,414,36592,11.02,0.75,19820,251222,0,0,348,29440,0,1466,-87,4,44.04335,-68.8922,5,-0.099,1
"2025-07-02 01:00:00",349,13.22,17.59,47,68.91,69,0,413,36592,11.02,0.75,19820,251942,0,0,349,29440,60.83,1526,-79,13,44.04338,-68.89226,4,-0.099,1
"2025-07-02 02:00:00",350,13.22,17.12,47,4.012,13,0,414,36592,11.02,0.75,19820,252662,0,0,350,29440,126.6,1592,-83,4,44.04326,-68.89218,4,-0.099,1
"2025-07-02 03:00:00",351,13.2,17.17,47,13.01,20,0,421,36592,11.02,0.75,19820,253382,0,0,351,29440,179.9,1646,-77,13,44.04332,-68.89219,4,-0.099,1
"2025-07-02 04:00:00",352,13.22,17.17,48,20,22,0,413,36592,11.02,0.75,19820,254102,0,0,352,29440,246.4,1712,-77,13,44.04332,-68.8922,5,-0.11,1
"2025-07-02 05:00:00",353,13.19,16.78,47,22.05,61,0,414,36592,11.02,0.75,19820,254822,0,0,353,29440,300.9,1767,-83,13,44.04333,-68.89217,4,-0.11,1
"2025-07-02 06:00:00",354,13.31,17.56,47,60.85,61,0,421,36592,11.02,0.75,19820,255542,0,0,354,29440,353.7,1819,-81,13,44.04329,-68.89216,4,-0.11,1
"2025-07-02 07:00:00",355,13.5,18.48,46,-45.15,-45,0,421,36592,11.02,0.75,19820,256262,0,0,355,29440,410.7,1876,-85,4,44.04326,-68.89214,5,-0.107,1
"2025-07-02 08:00:00",356,13.43,19.48,45,-155.9,-60,0,421,36592,11.02,0.75,19820,256982,0,0,356,29440,473.6,1939,-85,4,44.04329,-68.89211,4,-0.094,1
"2025-07-02 09:00:00",357,13.51,22.38,44,-60.07,-60,0,413,36592,11.02,0.75,19820,257702,0,0,357,29440,539.2,2005,-79,13,44.04321,-68.89204,4,-0.089,1
"2025-07-02 10:00:00",358,13.65,22.45,45,-112.9,-69,0,414,36592,11.02,0.75,19820,258422,0,0,358,29440,608.4,2074,-75,13,44.0433,-68.89207,4,-0.086,1
"2025-07-02 11:00:00",359,13.65,21.72,46,-68.95,-36,0,421,36592,11.02,0.75,19820,259142,0,0,359,29440,667.6,2133,-79,13,44.04329,-68.89222,4,-0.08,1
"2025-07-02 12:00:00",360,13.65,22.47,46,-36.02,-36,0,420,36592,11.02,0.75,19820,259862,0,0,360,29440,728.8,2194,-77,13,44.04328,-68.89225,4,-0.077,1
"2025-07-02 13:00:00",361,13.66,21.49,46,-52.99,-46,0,414,36592,11.02,0.75,19820,260582,0,0,361,29440,798,2264,-71,13,44.0433,-68.89222,4,-0.07,1
"2025-07-02 14:00:00",362,13.66,22.36,46,-46.03,-46,0,421,36592,11.02,0.75,19820,261302,0,0,362,29440,861,2327,-75,13,44.04332,-68.89218,5,-0.07,1
"2025-07-02 15:00:00",363,13.66,22.67,46,-65.95,-31,0,420,36592,11.02,0.75,19820,262022,0,0,363,29440,925,2390,-75,13,44.04329,-68.89219,4,-0.07,1
"2025-07-02 16:00:00",364,13.65,22.75,46,-31.01,-31,0,414,36592,11.02,0.75,19820,262742,0,0,364,29440,991,2457,-79,13,44.04333,-68.89216,5,-0.07,1
"2025-07-02 17:00:00",365,13.66,21.68,46,-36.01,-36,0,414,36592,11.02,0.75,19820,263462,0,0,365,29440,1053,2518,-79,13,44.04329,-68.89214,4,-0.07,1
"2025-07-02 18:00:00",366,13.65,21,46,-41.01,-41,0,421,36592,11.02,0.75,19820,264182,0,0,366,29440,1115,2581,-79,13,44.04331,-68.89214,4,-0.07,1
"2025-07-02 19:00:00",367,13.64,20.47,46,-45.96,-18,0,414,36592,11.02,0.75,19820,264902,0,0,367,29440,1183,2648,-79,13,44.04333,-68.89214,4,-0.085,1
"2025-07-02 20:00:00",368,13.67,20.19,46,-17.99,-13,0,420,36592,11.02,0.75,19820,265622,0,0,368,29440,1246,2711,-79,13,44.04329,-68.8922,4,-0.085,1
"2025-07-02 21:00:00",369,13.35,18.45,46,-12.88,70,0,420,36592,11.02,0.75,19820,266342,0,0,369,29440,1363,2829,-79,13,44.04331,-68.89216,4,-0.085,1
"2025-07-02 22:00:00",370,13.24,17.09,47,69.94,70,0,420,36592,11.02,0.75,19820,267062,0,0,370,29440,1429,2895,-77,13,44.04325,-68.8921,4,-0.085,1
"2025-07-02 23:00:00",371,13.19,17.2,48,30.02,45,0,420,36592,11.02,0.75,19820,267782,0,0,371,29440,1488,2954,-91,4,44.04331,-68.8922,6,-0.079,1
"2025-07-03 00:00:00",372,13.23,17.11,47,44.94,45,0,414,36592,11.02,0.75,19820,268502,0,0,372,29440,0,3016,-79,13,44.04329,-68.89222,4,-0.077,1
"2025-07-03 01:00:00",373,13.21,16.73,47,2.004,5,0,420,36592,11.02,0.75,19820,269222,0,0,373,29440,74.15,3090,-75,13,44.04329,-68.8922,5,-0.077,1
"2025-07-03 02:00:00",374,13.22,16.32,47,4.981,5,0,422,36592,11.02,0.75,19820,269942,0,0,374,29440,133.4,3149,-77,13,44.04333,-68.89221,4,-0.077,1
"2025-07-03 03:00:00",375,13.21,15.99,47,-8.98,7,0,421,36592,11.02,0.75,19820,270662,0,0,375,29440,203.5,3220,-75,13,44.04333,-68.89222,7,-0.084,1
"2025-07-03 04:00:00",376,13.21,15.3,47,6.999,7,0,414,36592,11.02,0.75,19820,271382,0,0,376,29440,270.6,3287,-75,13,44.0433,-68.89225,4,-0.084,1
"2025-07-03 05:00:00",377,13.21,14.69,48,6.003,8,0,422,36592,11.02,0.75,19820,272102,0,0,377,29440,337.6,3354,-87,4,44.04333,-68.89214,5,-0.084,1
"2025-07-03 06:00:00",378,13.38,17.97,46,7.843,8,0,421,36592,11.02,0.75,19820,272822,0,0,378,29440,399.7,3416,-91,4,44.04331,-68.89216,6,-0.084,1
"2025-07-03 07:00:00",379,13.47,19.67,47,-105,-99,0,414,36592,11.02,0.75,19820,273542,0,0,379,29440,456.7,3473,-85,4,44.04328,-68.89217,4,-0.082,1
"2025-07-03 08:00:00",380,13.58,24.77,45,-99.1,-99,0,419,36592,11.02,0.75,19820,274262,0,0,380,29440,516.8,3533,-77,13,44.04325,-68.89211,4,-0.079,1
"2025-07-03 09:00:00",381,13.59,25.09,45,-191.8,-21,0,414,36592,11.02,0.75,19820,274982,0,0,381,29440,576.9,3593,-79,13,44.04328,-68.89211,4,-0.075,1
"2025-07-03 10:00:00",382,13.6,25.59,45,-21,-20,0,422,36592,11.02,0.75,19820,275702,0,0,382,29440,636.9,3653,-75,13,44.0433,-68.8921,7,-0.073,1
"2025-07-03 11:00:00",383,13.6,24.12,46,-20.03,-20,0,413,36592,11.02,0.75,19820,276422,0,0,383,29440,696.6,3713,-75,13,44.0433,-68.8921,7,-0.073,1
"2025-07-03 12:00:00",384,13.59,26.99,46,-43.97,-24,0,414,36592,11.02,0.75,19820,277142,0,0,384,29440,758.4,3775,-85,4,44.04329,-68.89223,7,-0.073,1
"2025-07-03 13:00:00",385,13.57,25.88,46,-24.03,-24,0,413,36592,11.02,0.75,19820,277862,0,0,385,29440,815,3831,-79,13,44.0433,-68.89223,4,-0.074,1
"2025-07-03 14:00:00",386,13.57,26.62,46,-43.01,-43,0,419,36592,11.02,0.75,19820,278582,0,0,386,29440,875,3891,-77,13,44.04333,-68.89223,5,-0.074,1
"2025-07-03 15:00:00",387,13.58,25.52,46,-51.99,-47,0,414,36592,11.02,0.75,19820,279302,0,0,387,29440,935,3951,-75,13,44.04333,-68.89225,5,-0.082,1
"2025-07-03 16:00:00",388,13.61,23.57,45,-46.99,-41,0,414,36592,11.02,0.75,19820,280022,0,0,388,29440,1016,4032,-77,13,44.04335,-68.89223,4,-0.082,1
"2025-07-03 17:00:00",389,13.62,23.96,46,-40.98,-23,0,421,36592,11.02,0.75,19820,280742,0,0,389,29440,1090,4106,-79,13,44.04333,-68.89239,4,-0.082,1
"2025-07-03 18:00:00",390,13.65,22.36,46,-23.03,-23,0,414,36592,11.02,0.75,19820,281462,0,0,390,29440,1154,4170,-79,13,44.04335,-68.89216,4,-0.082,1
"2025-07-03 19:00:00",391,13.68,21.33,46,-40.99,-33,0,414,36592,11.02,0.75,19820,282182,0,0,391,29440,1214,4230,-73,13,44.04332,-68.89217,4,-0.083,1
"2025-07-03 20:00:00",392,13.56,19.77,46,-32.88,56,0,413,36592,11.02,0.75,19820,282902,0,0,392,29440,1277,4293,-81,13,44.04332,-68.89212,4,-0.083,1
"2025-07-03 21:00:00",393,13.34,17.41,47,56.01,61,0,421,36592,11.02,0.75,19820,283622,0,0,393,29440,1339,4355,-89,13,44.04336,-68.89218,4,-0.083,1
"2025-07-03 22:00:00",394,13.24,16.95,47,60.99,61,0,414,36592,11.02,0.75,19820,284342,0,0,394,29440,1405,4421,-79,13,44.04328,-68.89212,4,-0.083,1
"2025-07-03 23:00:00",395,13.23,17.66,47,51.99,52,0,422,36592,11.02,0.75,19820,285062,0,0,395,29440,1468,4484,-77,13,44.04329,-68.89212,4,-0.076,1
"2025-07-04 00:00:00",396,13.23,17.41,48,44.97,45,0,414,36592,11.02,0.75,19820,285782,0,0,396,29440,0,4552,-77,13,44.0432,-68.89212,4,-0.076,1
"2025-07-04 01:00:00",397,13.19,16.9,47,22.08,79,0,413,36592,11.02,0.75,19820,286502,0,0,397,29440,68.65,4621,-77,13,44.04328,-68.89221,5,-0.062,1
"2025-07-04 02:00:00",398,13.2,17.21,47,78.93,79,0,414,36592,11.02,0.75,19820,287222,0,0,398,29440,136.4,4689,-81,13,44.04329,-68.8922,4,-0.062,1
"2025-07-04 03:00:00",399,13.18,17.25,47,32.02,44,0,420,36592,11.02,0.75,19820,287942,0,0,399,29440,201.3,4754,-81,13,44.04331,-68.89223,5,-0.062,1
"2025-07-04 04:00:00",400,13.21,16.9,46,43.94,44,0,413,36592,11.02,0.75,19820,288662,0,0,400,29440,270.9,4823,-75,13,44.04333,-68.89226,5,-0.062,1
"2025-07-04 05:00:00",401,13.21,15.71,48,3.043,34,0,414,36592,11.02,0.75,19820,289382,0,0,401,29440,333.5,4886,-83,13,44.04329,-68.89225,5,-0.056,1
"2025-07-04 06:00:00",402,13.37,18.83,46,33.82,34,0,421,36592,11.02,0.75,19820,290102,0,0,402,29440,401.2,4953,-93,4,44.04331,-68.89217,5,-0.056,1
"2025-07-04 07:00:00",403,13.51,21.98,45,-97.1,-97,0,414,36592,11.02,0.75,19820,290822,0,0,403,29440,461.7,5014,-91,4,44.04336,-68.89223,4,-0.054,1
"2025-07-04 08:00:00",404,13.53,23.93,46,-162,-137,0,413,36592,11.02,0.75,19820,291542,0,0,404,29440,523.3,5076,-85,4,44.04329,-68.89216,4,-0.05,1
"2025-07-04 09:00:00",405,13.65,23.15,46,-136.9,-31,0,420,36592,11.02,0.75,19820,292262,0,0,405,29440,594.8,5147,-81,4,44.04318,-68.89213,5,-0.031,1
"2025-07-04 10:00:00",406,13.66,23.6,45,-30.99,-23,0,413,36592,11.02,0.75,19820,292982,0,0,406,29440,653.9,5206,-81,4,44.04326,-68.89209,4,-0.028,1
"2025-07-04 11:00:00",407,13.61,25.91,44,-23,-23,0,421,36592,11.02,0.75,19820,293702,0,0,407,29440,713.7,5266,-79,13,44.04327,-68.89211,7,-0.023,1
"2025-07-04 12:00:00",408,13.6,24.35,47,-23,-23,0,414,36592,11.02,0.75,19820,294422,0,0,408,29440,780.5,5333,-89,4,44.04323,-68.89212,4,-0.023,1
"2025-07-04 13:00:00",409,13.6,23.93,46,-26,-26,0,421,36592,11.02,0.75,19820,295142,0,0,409,29440,848,5400,-71,4,44.04321,-68.89221,5,-0.021,1
"2025-07-04 14:00:00",410,13.63,24.66,47,-25.99,-20,0,414,36592,11.02,0.75,19820,295862,0,0,410,29440,930,5482,-75,13,44.04325,-68.89226,4,-0.021,1
"2025-07-04 15:00:00",411,13.58,26.45,45,-20.02,-20,0,422,36592,11.02,0.75,19820,296582,0,0,411,29440,996,5548,-89,4,44.04329,-68.89218,5,-0.02,1
"2025-07-04 16:00:00",412,13.6,25.78,45,-34.06,-34,0,413,36592,11.02,0.75,19820,297302,0,0,412,29440,1059,5611,-85,13,44.04337,-68.89227,5,-0.02,1
"2025-07-04 17:00:00",413,13.61,23.12,46,-74.91,-10,0,413,36592,11.02,0.75,19820,298022,0,0,413,29440,1122,5674,-83,4,44.04328,-68.89226,4,-0.018,1
"2025-07-04 18:00:00",414,13.63,22.49,46,-10.02,-10,0,413,36592,11.02,0.75,19820,298742,0,0,414,29440,1185,5737,-81,13,44.04336,-68.89216,4,-0.011,1
"2025-07-04 19:00:00",415,13.66,22.04,47,-26.99,-22,0,413,36592,11.02,0.75,19820,299462,0,0,415,29440,1243,5795,-91,4,44.04329,-68.89211,4,-0.011,1
"2025-07-04 20:00:00",416,13.64,19.93,47,-21.91,42,0,413,36592,11.02,0.75,19820,300182,0,0,416,29440,1312,5864,-89,4,44.04331,-68.89217,4,-0.007,1
"2025-07-04 21:00:00",417,13.34,18.81,47,42.16,160,0,414,36592,11.02,0.75,19820,300902,0,0,417,29440,1378,5930,-79,13,44.04328,-68.89213,5,-0.007,1
"2025-07-04 22:00:00",418,13.22,18.44,47,159.9,160,0,413,36592,11.02,0.75,19820,301622,0,0,418,29440,1443,5995,-77,13,44.04329,-68.89213,5,0.001,1
"2025-07-04 23:00:00",419,13.19,18.22,46,69.99,70,0,414,36592,11.02,0.75,19820,302342,0,0,419,29440,1511,6063,-91,4,44.0433,-68.89211,4,0.002,1
"2025-07-05 00:00:00",420,13.22,16.95,47,60.94,61,0,414,36592,11.02,0.75,19820,303062,0,0,420,29440,0.064,6132,-79,13,44.0433,-68.8921,4,0.011,1
"2025-07-05 01:00:00",421,13.2,17.52,48,19.08,75,0,421,36592,11.02,0.75,19820,303782,0,0,421,29440,70.76,6203,-81,13,44.0433,-68.8922,5,0.011,1
"2025-07-05 02:00:00",422,13.22,17.79,48,74.95,75,0,414,36592,11.02,0.75,19820,304502,0,0,422,29440,136.4,6268,-79,13,44.04327,-68.89219,6,0.018,1
"2025-07-05 03:00:00",423,13.19,18.23,47,36.05,72,0,414,36592,11.02,0.75,19820,305222,0,0,423,29440,198.8,6331,-81,13,"NAN","NAN",4,0.019,1
"2025-07-05 04:00:00",424,13.21,17.95,47,71.88,72,0,413,36592,11.02,0.75,19820,305942,0,0,424,29440,261.5,6393,-79,13,44.04331,-68.89212,5,0.02,1
"2025-07-05 05:00:00",425,13.21,17.31,47,-10.9,64,0,414,36592,11.02,0.75,19820,306662,0,0,425,29440,325.1,6457,-81,13,44.04332,-68.89223,4,0.02,1
"2025-07-05 06:00:00",426,13.32,20.71,45,63.89,64,0,414,36592,11.02,0.75,19820,307382,0,0,426,29440,391.6,6523,-91,13,44.04333,-68.89219,5,0.021,1
"2025-07-05 07:00:00",427,13.43,22.83,45,-17.12,-17,0,422,36592,11.02,0.75,19820,308102,0,0,427,29440,453,6585,-77,13,"NAN","NAN",4,0.021,1
"2025-07-05 08:00:00",428,13.51,23.95,45,-100,-100,0,414,36592,11.02,0.75,19820,308822,0,0,428,29440,520.7,6653,-79,13,44.04331,-68.89211,4,0.024,1
"2025-07-05 09:00:00",429,13.58,24.71,45,-112.9,-16,0,420,36592,11.02,0.75,19820,309542,0,0,429,29440,583.8,6716,-75,13,"NAN","NAN",4,0.025,1
"2025-07-05 10:00:00",430,13.62,24.15,45,-16,-16,0,421,36592,11.02,0.75,19820,310262,0,0,430,29440,644.2,6776,-81,13,44.04329,-68.89216,4,0.033,1
"2025-07-05 11:00:00",431,13.61,25.8,45,-17.01,-17,0,421,36592,11.02,0.75,19820,310982,0,0,431,29440,710,6842,-75,13,44.04328,-68.89213,7,0.034,1
"2025-07-05 12:00:00",432,13.56,24.94,46,-25.01,-25,0,413,36592,11.02,0.75,19820,311702,0,0,432,29440,772,6904,-79,13,44.04328,-68.89211,6,0.037,1
"2025-07-05 13:00:00",433,13.63,23.29,47,-31.02,-31,0,421,36592,11.02,0.75,19820,312422,0,0,433,29440,840,6972,-85,4,44.04333,-68.89217,5,0.037,1
"2025-07-05 14:00:00",434,13.63,22,46,-47.99,-38,0,414,36592,11.02,0.75,19820,313142,0,0,434,29440,907,7039,-77,13,44.04334,-68.89216,4,0.037,1
"2025-07-05 15:00:00",435,13.63,21.61,46,-38.02,-38,0,413,36592,11.02,0.75,19820,313862,0,0,435,29440,974,7106,-79,13,44.04336,-68.89212,4,0.037,1
"2025-07-05 16:00:00",436,13.69,21.01,45,-51.02,-51,0,413,36592,11.02,0.75,19820,314582,0,0,436,29440,1040,7172,-81,4,44.04336,-68.89212,4,0.037,1
"2025-07-05 17:00:00",437,13.67,20.36,46,-61.95,-28,0,414,36592,11.02,0.75,19820,315302,0,0,437,29440,1106,7238,-75,13,44.04333,-68.89218,4,0.037,1
"2025-07-05 18:00:00",438,13.69,20.38,46,-28,-27,0,420,36592,11.02,0.75,19820,316022,0,0,438,29440,1174,7305,-79,4,44.04334,-68.89218,4,0.026,1
"2025-07-05 19:00:00",439,13.67,19.22,46,-26.94,14,0,413,36592,11.02,0.75,19820,316742,0,0,439,29440,1245,7377,-89,4,44.04333,-68.8922,4,0.024,1
"2025-07-05 20:00:00",440,13.54,18.14,47,13.99,14,0,420,36592,11.02,0.75,19820,317462,0,0,440,29440,1310,7442,-89,4,44.04329,-68.89219,4,0.024,1
"2025-07-05 21:00:00",441,13.32,17.35,47,10.05,48,0,422,36592,11.02,0.75,19820,318182,0,0,441,29440,1373,7505,-81,13,44.0433,-68.89212,4,0.021,1
"2025-07-05 22:00:00",442,13.22,17.22,47,48.03,72,0,413,36592,11.02,0.75,19820,318902,0,0,442,29440,1434,7566,-91,4,44.04328,-68.89214,4,0.021,1
"2025-07-05 23:00:00",443,13.22,17.37,48,71.96,72,0,413,36592,11.02,0.75,19820,319622,0,0,443,29440,1492,7624,-83,13,44.04325,-68.89214,4,0.02,1
"2025-07-06 00:00:00",444,13.23,17.72,48,44,47,0,413,36592,11.02,0.75,19820,320342,0,0,444,29440,0,7683,-85,4,44.04329,-68.8921,6,0.02,1
"2025-07-06 01:00:00",445,13.17,18.28,48,47.03,66,0,421,36592,11.02,0.75,19820,321062,0,0,445,29440,65.43,7749,-91,4,44.04326,-68.89216,5,0.011,1
"2025-07-06 02:00:00",446,13.23,17.3,48,65.94,66,0,420,36592,11.02,0.75,19820,321782,0,0,446,29440,133,7816,-89,4,44.04329,-68.89212,5,0.011,1
"2025-07-06 03:00:00",447,13.22,17.52,48,23.01,29,0,414,36592,11.02,0.75,19820,322502,0,0,447,29440,209.4,7893,-93,4,44.04333,-68.89217,6,0.001,1
"2025-07-06 04:00:00",448,13.2,17.88,48,29.02,46,0,420,36592,11.02,0.75,19820,323222,0,0,448,29440,270.2,7954,-81,13,44.04331,-68.89219,4,0.001,1
"2025-07-06 05:00:00",449,13.22,17.52,48,45.99,46,0,414,36592,11.02,0.75,19820,323942,0,0,449,29440,329.4,8013,-79,13,44.04331,-68.89219,4,-0.014,1
"2025-07-06 06:00:00",450,13.32,18.91,47,39.88,40,0,414,36592,11.02,0.75,19820,324662,0,0,450,29440,388.7,8072,-81,13,44.04333,-68.89216,5,-0.014,1
"2025-07-06 07:00:00",451,13.39,20.46,46,-47.04,-47,0,413,36592,11.02,0.75,19820,325382,0,0,451,29440,444.3,8128,-81,13,44.04331,-68.89211,5,-0.014,1
"2025-07-06 08:00:00",452,13.46,22.6,45,-77.06,-77,0,414,36592,11.02,0.75,19820,326102,0,0,452,29440,501.1,8184,-81,4,44.04331,-68.89209,4,-0.014,1
"2025-07-06 09:00:00",453,13.49,22.62,46,-118,-93,0,414,36592,11.02,0.75,19820,326822,0,0,453,29440,561.5,8245,-77,13,44.04328,-68.89217,4,-0.01,1
"2025-07-06 10:00:00",454,13.63,23.09,46,-92.9,-35,0,422,36592,11.02,0.75,19820,327542,0,0,454,29440,619.5,8303,-89,4,44.0433,-68.89213,5,-0.01,1
"2025-07-06 11:00:00",455,13.63,22.71,45,-35.01,-35,0,414,36592,11.02,0.75,19820,328262,0,0,455,29440,675.4,8359,-77,13,44.04331,-68.89217,4,-0.01,1
"2025-07-06 12:00:00",456,13.65,22.91,46,-42.98,-26,0,413,36592,11.02,0.75,19820,328982,0,0,456,29440,731.9,8415,-81,13,44.04331,-68.89214,4,-0.01,1
"2025-07-06 13:00:00",457,13.68,22.24,45,-26.02,-26,0,413,36592,11.02,0.75,19820,329702,0,0,457,29440,794,8477,-81,13,44.04328,-68.89211,4,-0.014,1
"2025-07-06 14:00:00",458,13.66,23.78,46,-41,-41,0,422,36592,11.02,0.75,19820,330422,0,0,458,29440,854,8537,-79,13,44.04326,-68.89211,4,-0.014,1
"2025-07-06 15:00:00",459,13.66,23.76,46,-42.98,-26,0,414,36592,11.02,0.75,19820,331142,0,0,459,29440,908,8591,-89,4,44.04335,-68.89217,4,-0.014,1
"2025-07-06 16:00:00",460,13.64,23.73,46,-25.99,-21,0,413,36592,11.02,0.75,19820,331862,0,0,460,29440,964,8647,-77,13,44.04342,-68.89214,4,-0.014,1
"2025-07-06 17:00:00",461,13.63,25.41,46,-21.03,-21,0,421,36592,11.02,0.75,19820,332582,0,0,461,29440,1019,8703,-79,13,44.04335,-68.89211,5,-0.023,1
"2025-07-06 18:00:00",462,13.6,24.69,46,-40,-38,0,414,36592,11.02,0.75,19820,333302,0,0,462,29440,1076,8760,-77,13,44.04334,-68.89214,5,-0.023,1
"2025-07-06 19:00:00",463,13.61,24.39,46,-37.97,-14,0,421,36592,11.02,0.75,19820,334022,0,0,463,29440,1129,8812,-75,13,44.04329,-68.89217,4,-0.03,1
"2025-07-06 20:00:00",464,13.53,21.96,47,-13.91,48,0,414,36592,11.02,0.75,19820,334742,0,0,464,29440,1193,8876,-79,13,44.04329,-68.8921,4,-0.03,1
"2025-07-06 21:00:00",465,13.31,20.26,48,48.01,56,0,421,36592,11.02,0.75,19820,335462,0,0,465,29440,1249,8932,-77,13,44.04342,-68.8922,4,-0.037,1
"2025-07-06 22:00:00",466,13.23,20.39,47,56.03,79,0,413,36592,11.02,0.75,19820,336182,0,0,466,29440,1307,8990,-79,13,44.04334,-68.8922,4,-0.037,1
"2025-07-06 23:00:00",467,13.22,19.16,48,78.99,79,0,414,36592,11.02,0.75,19820,336902,0,0,467,29440,1371,9055,-83,4,44.04329,-68.89211,4,-0.037,1
"2025-07-07 00:00:00",468,13.24,18.61,48,72.96,73,0,414,36592,11.02,0.75,19820,337622,0,0,468,29440,0,9115,-93,4,44.04333,-68.89211,7,-0.032,1
"2025-07-07 01:00:00",469,13.2,20.23,47,41,44,0,414,36592,11.02,0.75,19820,338342,0,0,469,29440,50.36,9165,-91,4,44.0433,-68.89207,5,-0.032,1
"2025-07-07 02:00:00",470,13.21,20.38,48,43.99,44,0,421,36592,11.02,0.75,19820,339062,0,0,470,29440,103.1,9218,-87,4,44.04323,-68.89211,4,-0.032,1
"2025-07-07 03:00:00",471,13.2,19.85,49,36.01,46,0,421,36592,11.02,0.75,19820,339782,0,0,471,29440,161.6,9276,-75,13,44.04333,-68.89217,4,-0.027,1
"2025-07-07 04:00:00",472,13.24,19,49,45.96,46,0,420,36592,11.02,0.75,19820,340502,0,0,472,29440,217.2,9332,-79,13,44.04333,-68.89223,4,-0.027,1
"2025-07-07 05:00:00",473,13.23,19.37,49,17.02,28,0,421,36592,11.02,0.75,19820,341222,0,0,473,29440,284.1,9399,-75,13,44.04332,-68.89221,5,-0.025,1
"2025-07-07 06:00:00",474,13.33,20.45,48,27.89,28,0,414,36592,11.02,0.75,19820,341942,0,0,474,29440,343.4,9458,-77,13,44.04333,-68.89223,6,-0.025,1
"2025-07-07 07:00:00",475,13.48,22.55,48,-52.18,-52,0,421,36592,11.02,0.75,19820,342662,0,0,475,29440,401.5,9516,-77,13,44.04329,-68.89214,5,-0.025,1
"2025-07-07 08:00:00",476,13.51,24.07,47,-185,-161,0,413,36592,11.02,0.75,19820,343382,0,0,476,29440,456.9,9572,-77,13,44.04329,-68.89214,4,-0.025,1
"2025-07-07 09:00:00",477,13.64,25.04,46,-160.9,-103,0,414,36592,11.02,0.75,19820,344102,0,0,477,29440,520.4,9635,-75,13,44.04331,-68.89223,4,-0.012,1
"2025-07-07 10:00:00",478,13.62,25.18,46,-102.9,-33,0,421,36592,11.02,0.75,19820,344822,0,0,478,29440,576.1,9691,-89,13,44.04332,-68.89214,4,-0.011,1
"2025-07-07 11:00:00",479,13.6,24.08,46,-33,-31,0,413,36592,11.02,0.75,19820,345542,0,0,479,29440,639.2,9754,-81,13,44.0433,-68.89217,6,-0.011,1
"2025-07-07 12:00:00",480,13.6,23.75,46,-31,-31,0,421,36592,11.02,0.75,19820,346262,0,0,480,29440,701.8,9817,-81,13,44.04329,-68.89214,6,-0.011,1
"2025-07-07 13:00:00",481,13.66,22.54,46,-31.03,-31,0,422,36592,11.02,0.75,19820,346982,0,0,481,29440,769.1,9884,-79,13,44.04329,-68.89211,6,-0.012,1
"2025-07-07 14:00:00",482,13.66,23.12,46,-53.98,-37,0,414,36592,11.02,0.75,19820,347702,0,0,482,29440,833,9948,-87,4,44.04334,-68.89214,5,-0.012,1
"2025-07-07 15:00:00",483,13.66,22.72,46,-37.01,-37,0,413,36592,11.02,0.75,19820,348422,0,0,483,29440,897,10012,-91,13,44.04333,-68.89211,4,-0.012,1
"2025-07-07 16:00:00",484,13.65,21.23,47,-46.99,-41,0,413,36592,11.02,0.75,19820,349142,0,0,484,29440,958,10073,-77,13,44.04334,-68.89217,6,-0.012,1
"2025-07-07 17:00:00",485,13.69,21.36,47,-40.98,-30,0,421,36592,11.02,0.75,19820,349862,0,0,485,29440,1016,10130,-77,13,44.04333,-68.8922,5,-0.021,1
"2025-07-07 18:00:00",486,13.63,19.87,48,-29.92,30,0,421,36592,11.02,0.75,19820,350582,0,0,486,29440,1075,10190,-77,13,44.04335,-68.89212,5,-0.021,1
"2025-07-07 19:00:00",487,13.57,19.44,48,30.01,38,0,414,36592,11.02,0.75,19820,351302,0,0,487,29440,1131,10246,-81,13,44.04332,-68.89214,6,-0.028,1
"2025-07-07 20:00:00",488,13.33,19.35,47,38.04,67,0,413,36592,11.02,0.75,19820,352022,0,0,488,29440,1194,10308,-77,13,44.0433,-68.89208,4,-0.028,1
"2025-07-07 21:00:00",489,13.22,18.5,48,67.02,78,0,414,36592,11.02,0.75,19820,352742,0,0,489,29440,1254,10369,-79,13,44.04329,-68.89216,5,-0.028,1
"2025-07-07 22:00:00",490,13.2,18.24,48,77.99,78,0,421,36592,11.02,0.75,19820,353462,0,0,490,29440,1320,10435,-77,13,44.0433,-68.89216,5,-0.028,1
"2025-07-07 23:00:00",491,13.21,18.34,48,68.02,82,0,413,36592,11.02,0.75,19820,354182,0,0,491,29440,1379,10494,-89,4,44.04327,-68.89216,4,-0.031,1
"2025-07-08 00:00:00",492,13.23,17.71,49,82,82,0,421,36592,11.02,0.75,19820,354902,0,0,492,29440,0,10569,-81,13,44.04329,-68.89214,4,-0.031,1
"2025-07-08 01:00:00",493,13.2,18,49,54,56,0,413,36592,11.02,0.75,19820,355622,0,0,493,29440,51.43,10620,-91,4,44.04326,-68.89211,5,-0.031,1
"2025-07-08 02:00:00",494,13.2,17.83,49,55.99,56,0,413,36592,11.02,0.75,19820,356342,0,0,494,29440,116.8,10685,-91,4,44.04326,-68.89211,5,-0.031,1
"2025-07-08 03:00:00",495,13.21,17.64,49,45.99,46,0,420,36592,11.02,0.75,19820,357062,0,0,495,29440,174.6,10743,-79,13,44.04341,-68.89225,4,-0.031,1
"2025-07-08 04:00:00",496,13.22,17.68,49,38.97,39,0,414,36592,11.02,0.75,19820,357782,0,0,496,29440,237.5,10806,-83,4,44.04334,-68.89222,5,-0.033,1
"2025-07-08 05:00:00",497,13.22,17.65,49,14.01,19,0,422,36592,11.02,0.75,19820,358502,0,0,497,29440,299.6,10868,-83,13,44.04328,-68.89223,5,-0.033,1
"2025-07-08 06:00:00",498,13.23,18.2,48,18.98,19,0,422,36592,11.02,0.75,19820,359222,0,0,498,29440,362.8,10931,-51,13,44.04331,-68.89222,5,-0.033,1
"2025-07-08 07:00:00",499,13.32,18.66,47,0.892,1,0,421,36592,11.02,0.75,19820,359942,0,0,499,29440,424.3,10993,-79,13,44.04329,-68.89223,5,-0.033,1
"2025-07-08 08:00:00",500,13.33,19.76,48,-76.96,-45,0,421,36592,11.02,0.75,19820,360662,0,0,500,29440,479.8,11049,-77,13,44.04333,-68.89223,4,-0.032,1
"2025-07-08 09:00:00",501,13.34,19.38,48,-45,-44,0,422,36592,11.02,0.75,19820,361382,0,0,501,29440,534.7,11103,-81,13,44.0433,-68.89224,6,-0.032,1
"2025-07-08 10:00:00",502,13.45,19.52,48,-44.12,-44,0,421,36592,11.02,0.75,19820,362102,0,0,502,29440,602.7,11171,-81,13,44.04329,-68.8922,4,-0.027,1
"2025-07-08 11:00:00",503,13.61,22.81,46,-131.1,-131,0,414,36592,11.02,0.75,19820,362822,0,0,503,29440,661.5,11230,-79,13,44.04331,-68.89218,5,-0.026,1
"2025-07-08 12:00:00",504,13.65,23.82,47,-229.8,-50,0,413,36592,11.02,0.75,19820,363542,0,0,504,29440,740.5,11309,-91,4,44.04331,-68.89218,4,-0.024,1
"2025-07-08 13:00:00",505,13.64,23.52,47,-49.96,-23,0,413,36592,11.02,0.75,19820,364262,0,0,505,29440,805,11374,-73,13,44.0433,-68.89214,7,-0.024,1
"2025-07-08 14:00:00",506,13.61,22.07,47,-22.99,-15,0,422,36592,11.02,0.75,19820,364982,0,0,506,29440,872,11440,-75,13,44.04324,-68.89214,4,-0.02,1
"2025-07-08 15:00:00",507,13.69,21.95,47,-15.07,-15,0,413,36592,11.02,0.75,19820,365702,0,0,507,29440,920,11488,-85,4,44.04331,-68.89218,4,-0.02,1
"2025-07-08 16:00:00",508,13.64,21.7,47,-61.92,-5,0,414,36592,11.02,0.75,19820,366422,0,0,508,29440,967,11536,0,4,44.04326,-68.89223,5,-0.011,1
"2025-07-08 17:00:00",509,13.72,20.84,47,-5.081,-5,0,419,36592,11.02,0.75,19820,367142,0,0,509,29440,1006,11575,-81,13,44.04331,-68.89224,4,-0.011,1
"2025-07-08 18:00:00",510,13.67,20.34,48,-62.96,-36,0,414,36592,11.02,0.75,19820,367862,0,0,510,29440,1066,11635,-79,13,44.04333,-68.89226,4,-0.008,1
"2025-07-08 19:00:00",511,13.68,21.62,47,-36,-36,0,420,36592,11.02,0.75,19820,368582,0,0,511,29440,1125,11694,-75,13,44.04333,-68.89223,5,-0.008,1
"2025-07-08 20:00:00",512,13.42,18.86,48,-36.9,38,0,414,36592,11.02,0.75,19820,369302,0,0,512,29440,1180,11749,-77,13,44.04333,-68.8922,5,-0.005,1
"2025-07-08 21:00:00",513,13.27,18.07,48,37.98,38,0,414,36592,11.02,0.75,19820,370022,0,0,513,29440,1235,11804,-77,13,44.04329,-68.8922,4,-0.005,1
"2025-07-08 22:00:00",514,13.2,17.79,48,26.03,48,0,420,36592,11.02,0.75,19820,370742,0,0,514,29440,1300,11869,-73,13,44.04334,-68.89218,4,0,1
"2025-07-08 23:00:00",515,13.21,17.74,48,48.02,61,0,414,36592,11.02,0.75,19820,371462,0,0,515,29440,1366,11934,-77,13,44.04329,-68.89218,4,0,1
"2025-07-09 00:00:00",516,13.19,17.21,48,61.02,78,0,422,36592,11.02,0.75,19820,372182,0,0,516,29440,0,11991,-81,13,44.04329,-68.89214,4,0.002,1
"2025-07-09 01:00:00",517,13.23,16.78,48,77.95,78,0,420,36592,11.02,0.75,19820,372902,0,0,517,29440,63.15,12055,-89,4,44.04334,-68.89212,4,0.003,1
"2025-07-09 02:00:00",518,13.22,16.65,49,39.02,51,0,421,36592,11.02,0.75,19820,373622,0,0,518,29440,122.4,12114,-83,13,"NAN","NAN",4,0.003,1
"2025-07-09 03:00:00",519,13.22,16.01,49,50.95,51,0,413,36592,11.02,0.75,19820,374342,0,0,519,29440,184.8,12176,-83,13,44.04327,-68.89212,6,0.003,1
"2025-07-09 04:00:00",520,13.22,15.94,49,17.98,18,0,421,36592,11.02,0.75,19820,375062,0,0,520,29440,245.4,12237,-79,13,"NAN","NAN",4,0.003,1
"2025-07-09 05:00:00",521,13.21,16.02,49,3.021,18,0,413,36592,11.02,0.75,19820,375782,0,0,521,29440,307.6,12299,-83,13,44.04327,-68.89223,4,0.001,1
"2025-07-09 06:00:00",522,13.23,17.35,47,17.95,18,0,414,36592,11.02,0.75,19820,376502,0,0,522,29440,372.2,12364,-81,13,44.04322,-68.89211,4,0.001,1
"2025-07-09 07:00:00",523,13.26,17.56,48,-20.01,-20,0,413,36592,11.02,0.75,19820,377222,0,0,523,29440,431.9,12423,-79,13,44.04332,-68.89222,6,0.001,1
"2025-07-09 08:00:00",524,13.39,18.66,47,-29.13,-29,0,422,36592,11.02,0.75,19820,377942,0,0,524,29440,501.5,12493,-81,13,44.04338,-68.89223,4,0.002,1
"2025-07-09 09:00:00",525,13.47,20.22,47,-122,-122,0,414,36592,11.02,0.75,19820,378662,0,0,525,29440,560.9,12552,-77,13,44.04336,-68.89229,4,0.011,1
"2025-07-09 10:00:00",526,13.56,21.67,46,-141.1,-141,0,413,36592,11.02,0.75,19820,379382,0,0,526,29440,622.5,12614,-75,13,44.04329,-68.89229,5,0.011,1
"2025-07-09 11:00:00",527,13.59,23.92,46,-201.8,-66,0,413,36592,11.02,0.75,19820,380102,0,0,527,29440,681.1,12672,-75,13,44.04318,-68.89217,4,0.014,1
"2025-07-09 12:00:00",528,13.61,24.59,47,-65.98,-55,0,414,36592,11.02,0.75,19820,380822,0,0,528,29440,739.4,12731,-75,13,44.04332,-68.89219,6,0.019,1
"2025-07-09 13:00:00",529,13.6,26.63,46,-54.97,-35,0,414,36592,11.02,0.75,19820,381542,0,0,529,29440,805,12796,-75,13,44.0433,-68.89214,4,0.022,1
"2025-07-09 14:00:00",530,13.59,25.44,47,-34.97,-16,0,421,36592,11.02,0.75,19820,382262,0,0,530,29440,868,12859,-77,13,44.04333,-68.89217,5,0.022,1
"2025-07-09 15:00:00",531,13.59,25.41,46,-16.03,-16,0,420,36592,11.02,0.75,19820,382982,0,0,531,29440,930,12921,-75,13,44.0433,-68.89213,6,0.022,1
"2025-07-09 16:00:00",532,13.61,24.96,47,-36.01,-36,0,414,36592,11.02,0.75,19820,383702,0,0,532,29440,984,12975,-75,13,44.04333,-68.89212,4,0.022,1
"2025-07-09 17:00:00",533,13.6,24.14,46,-44.03,-44,0,413,36592,11.02,0.75,19820,384422,0,0,533,29440,1042,13033,-77,13,44.04334,-68.89214,6,0.017,1
"2025-07-09 18:00:00",534,13.61,23.01,48,-68.98,-51,0,421,36592,11.02,0.75,19820,385142,0,0,534,29440,1105,13096,-79,13,44.04335,-68.89225,5,0.017,1
"2025-07-09 19:00:00",535,13.65,22.98,47,-50.96,-24,0,414,36592,11.02,0.75,19820,385862,0,0,535,29440,1173,13164,-75,13,44.04334,-68.8922,5,0.008,1
"2025-07-09 20:00:00",536,13.5,19.39,48,-23.96,7,0,420,36592,11.02,0.75,19820,386582,0,0,536,29440,1248,13239,-75,13,44.04333,-68.89222,5,0.008,1
"2025-07-09 21:00:00",537,13.29,18.61,48,7.039,35,0,422,36592,11.02,0.75,19820,387302,0,0,537,29440,1315,13306,-77,13,44.04325,-68.89227,4,0.008,1
"2025-07-09 22:00:00",538,13.25,18.32,48,34.98,35,0,414,36592,11.02,0.75,19820,388022,0,0,538,29440,1382,13374,-75,13,44.0433,-68.89218,5,0.008,1
"2025-07-09 23:00:00",539,13.19,17.94,49,20.05,54,0,414,36592,11.02,0.75,19820,388742,0,0,539,29440,1450,13441,-77,13,44.04325,-68.8922,4,0.008,1
"2025-07-10 00:00:00",540,13.23,17.57,48,53.98,54,0,421,36592,11.02,0.75,19820,389462,0,0,540,29440,0,13516,-91,4,44.04325,-68.89207,4,0.008,1
"2025-07-10 01:00:00",541,13.21,17.55,48,42,44,0,413,36592,11.02,0.75,19820,390182,0,0,541,29440,50.23,13566,-81,13,44.04329,-68.89217,5,0.008,1
"2025-07-10 02:00:00",542,13.2,17.31,48,44.02,56,0,420,36592,11.02,0.75,19820,390902,0,0,542,29440,119.6,13636,-77,13,44.04329,-68.89216,4,0.008,1
"2025-07-10 03:00:00",543,13.22,16.97,49,55.96,56,0,413,36592,11.02,0.75,19820,391622,0,0,543,29440,183.6,13700,-77,13,44.04329,-68.89214,5,0.008,1
"2025-07-10 04:00:00",544,13.23,16.75,49,27.97,28,0,421,36592,11.02,0.75,19820,392342,0,0,544,29440,249.1,13765,-83,13,44.04328,-68.89218,5,0.008,1
"2025-07-10 05:00:00",545,13.22,16.26,49,5.031,27,0,414,36592,11.02,0.75,19820,393062,0,0,545,29440,314,13830,-77,13,44.0433,-68.89218,5,0.01,1
"2025-07-10 06:00:00",546,13.2,16.53,49,27.01,33,0,421,36592,11.02,0.75,19820,393782,0,0,546,29440,376.6,13893,-77,13,44.04326,-68.89223,4,0.01,1
"2025-07-10 07:00:00",547,13.2,17.81,47,32.99,33,0,413,36592,11.02,0.75,19820,394502,0,0,547,29440,440.1,13956,-79,13,44.04329,-68.89221,4,0.01,1
"2025-07-10 08:00:00",548,13.27,18.4,47,22.9,23,0,413,36592,11.02,0.75,19820,395222,0,0,548,29440,498.3,14014,-79,13,44.04344,-68.89211,4,0.01,1
"2025-07-10 09:00:00",549,13.31,18.67,47,-45.99,-37,0,420,36592,11.02,0.75,19820,395942,0,0,549,29440,558.2,14074,-79,13,44.04333,-68.89218,7,0.011,1
"2025-07-10 10:00:00",550,13.29,19.02,48,-36.93,17,0,420,36592,11.02,0.75,19820,396662,0,0,550,29440,620.7,14137,-91,4,44.04333,-68.89217,6,0.011,1
"2025-07-10 11:00:00",551,13.39,19.84,49,16.9,17,0,414,36592,11.02,0.75,19820,397382,0,0,551,29440,663.4,14180,-85,13,44.04334,-68.8923,5,0.018,1
