"TOA5","Wynken","CR300","36594","CR300-CELL210.11.3.0","CPU:wynken.260608.dld","7919","Ai1"
"TIMESTAMP","RECORD","BatteryVoltage","InternalTemperature","InternalHumidity","CurrentAverage","CurrentMaximum","ProcessingTime","SerialNumber","DataloggerOSVersion","Ai1OSVersion","ProgramSignature","ProgramCounter","StartUpCode","WatchdogErrors","SkippedScans","MemoryFree","CellUsageToday","CellUsageThisMonth","CellRSSI","CellNetBand","Latitude","Longitude","GPSSatellitesInView","Pressure_mH2O","ReadAttempts_Max"
"TS","RN","Volts","°C","%","mA (-=Charge, +=Discharge)","mA (-=Charge, +=Discharge)","µS","","","","(0-65535)","Cycles","(0=Ok, -1=Power, -2=Watchdog)","Errors Since Compile","Scans Skipped","Bytes","kB","kB","dBm","","Decimal Degrees (N=+,S=-)","Decimal Degrees (E=+,W=-)","GPS Satellites visible","mH2O",""
"","","Smp","Smp","Smp","Avg:mA","Max:mA","Smp","Smp","Smp","Smp","Smp:0-65535)","Smp","Smp:0=Ok","Smp:Watchdog Errors Since Compile","Smp:Scans Skipped","Smp:Bytes","Smp:kB","Smp:kB","Smp:dBm","Smp:band","Smp","Smp","Smp","Smp","Max"
"2026-06-09 10:00:00",0,13.68,27.13,42,0.161,86,204,36594,1.3,0.75,7919,533,-1,0,0,27488,40.1,1024,-91,4,44.31815,-68.92735,0,-13.01,0
"2026-06-09 11:00:00",1,13.62,23.37,36,86,86,204,36594,1.3,0.75,7919,1253,-1,0,1,27488,119.2,1103,-81,4,44.04374,-68.89283,4,-13.01,1
"2026-06-09 12:00:00",2,13.64,21.83,35,54.99,55,205,36594,1.3,0.75,7919,1973,-1,0,2,27488,204.5,1188,-77,4,44.04374,-68.89283,4,-13.01,1
"2026-06-09 13:00:00",3,13.66,20.31,36,45.01,54,204,36594,1.3,0.75,7919,2693,-1,0,3,27488,286.8,1270,-81,4,44.04363,-68.89232,4,0.06,1
"2026-06-09 14:00:00",4,13.66,20.5,37,54.02,70,204,36594,1.3,0.75,7919,3413,-1,0,4,27488,368,1352,-93,4,44.04363,-68.89232,4,0.06,1
"2026-06-09 15:00:00",5,13.67,20.38,37,69.99,70,211,36594,1.3,0.75,7919,4133,-1,0,5,27488,446.4,1430,-87,4,44.04359,-68.89223,4,0.06,1
"2026-06-09 16:00:00",6,13.69,20.58,36,60.01,69,205,36594,1.3,0.75,7919,4853,-1,0,6,27488,527.2,1511,-83,4,44.04359,-68.89229,4,0.04,1
"2026-06-09 17:00:00",7,13.7,20.05,36,68.98,69,211,36594,1.3,0.75,7919,5573,-1,0,7,27488,610.3,1594,-81,13,44.04364,-68.89224,5,0.04,1
"2026-06-09 18:00:00",8,13.72,20.36,36,58.03,83,205,36594,1.3,0.75,7919,6293,-1,0,8,27488,711.8,1695,-85,4,44.04353,-68.89224,4,0.024,1
"2026-06-09 19:00:00",9,13.72,19.09,36,83,83,204,36594,1.3,0.75,7919,7013,-1,0,9,27488,805,1789,-85,4,44.04353,-68.89224,4,0.024,1
"2026-06-09 20:00:00",10,13.72,17.21,36,80.1,143,204,36594,1.3,0.75,7919,7733,-1,0,10,27488,890,1874,-73,4,44.04358,-68.89221,4,0.012,1
"2026-06-09 21:00:00",11,13.4,15.78,36,143,143,204,36594,1.3,0.75,7919,8453,-1,0,11,27488,977,1961,-81,4,44.04354,-68.89225,5,0.012,1
"2026-06-09 22:00:00",12,13.26,15.56,36,138,138,204,36594,1.3,0.75,7919,9173,-1,0,12,27488,1061,2045,-85,4,44.04357,-68.8922,4,0.011,1
"2026-06-09 23:00:00",13,13.21,15.42,37,131,142,204,36594,1.3,0.75,7919,9893,-1,0,13,27488,1155,2138,-87,4,44.0437,-68.89227,4,0.011,1
"2026-06-10 00:00:00",14,13.21,15.2,36,142,142,204,36594,1.3,0.75,7919,10613,-1,0,14,27488,0,2228,-87,4,44.0437,-68.89227,4,0.008,1
"2026-06-10 01:00:00",15,13.21,14.66,37,120,120,212,36594,1.3,0.75,7919,11333,-1,0,15,27488,96.5,2325,-87,4,44.04359,-68.89226,5,0.008,1
"2026-06-10 02:00:00",16,13.21,14.82,37,100,117,212,36594,1.3,0.75,7919,12053,-1,0,16,27488,193.5,2422,-87,4,44.04354,-68.89226,4,0.008,1
"2026-06-10 03:00:00",17,13.2,14.74,37,117,123,212,36594,1.3,0.75,7919,12773,-1,0,17,27488,278.6,2507,-75,13,44.04365,-68.89225,4,0.008,1
"2026-06-10 04:00:00",18,13.18,14.96,37,123,141,205,36594,1.3,0.75,7919,13493,-1,0,18,27488,369.7,2598,-87,4,44.04358,-68.89226,4,-0.001,1
"2026-06-10 05:00:00",19,13.21,14.95,36,140.9,141,204,36594,1.3,0.75,7919,14213,-1,0,19,27488,459.9,2688,-87,4,44.04357,-68.8923,4,-0.001,1
"2026-06-10 06:00:00",20,13.5,16.04,36,89.7,90,204,36594,1.3,0.75,7919,14933,-1,0,20,27488,545.5,2774,-83,4,44.04356,-68.8923,5,-0.001,1
"2026-06-10 07:00:00",21,13.53,20.06,36,-149.9,-72,204,36594,1.3,0.75,7919,15653,-1,0,21,27488,641.7,2870,-83,4,44.04353,-68.89227,4,-0.001,1
"2026-06-10 08:00:00",22,13.67,21.72,35,-71.81,67,204,36594,1.3,0.75,7919,16373,-1,0,22,27488,730.5,2959,-77,4,44.04351,-68.89224,4,-0.001,1
"2026-06-10 09:00:00",23,13.67,22.91,34,67,67,204,36594,1.3,0.75,7919,17093,-1,0,23,27488,816,3045,-77,4,44.04351,-68.89224,4,-0.001,1
"2026-06-10 10:00:00",24,13.64,23.9,33,67.01,77,204,36594,1.3,0.75,7919,17813,-1,0,24,27488,911,3139,-93,4,44.04352,-68.8922,5,0,1
"2026-06-10 11:00:00",25,13.64,21.75,34,76.98,77,212,36594,1.3,0.75,7919,18533,-1,0,25,27488,1000,3228,-81,4,44.04356,-68.8922,5,0.002,1
"2026-06-10 12:00:00",26,13.64,21.79,35,64.99,65,204,36594,1.3,0.75,7919,19253,-1,0,26,27488,1086,3314,-79,4,44.04368,-68.89233,4,0.002,1
"2026-06-10 13:00:00",27,13.65,22.35,36,55.98,56,204,36594,1.3,0.75,7919,19973,-1,0,27,27488,1169,3397,-75,13,44.04359,-68.89227,5,0.002,1
"2026-06-10 14:00:00",28,13.67,21.75,36,41,41,205,36594,1.3,0.75,7919,20693,-1,0,28,27488,1248,3477,-87,4,44.04357,-68.89225,4,-0.002,1
"2026-06-10 15:00:00",29,13.67,22.27,36,38.03,62,204,36594,1.3,0.75,7919,21413,-1,0,29,27488,1322,3550,-83,4,44.04357,-68.89225,4,-0.002,1
"2026-06-10 16:00:00",30,13.66,22.08,36,62,62,210,36594,1.3,0.75,7919,22133,-1,0,30,27488,1396,3624,-81,4,44.04357,-68.89225,4,-0.015,1
"2026-06-10 17:00:00",31,13.67,21.76,36,61.99,62,210,36594,1.3,0.75,7919,22853,-1,0,31,27488,1470,3699,-77,4,44.04357,-68.89228,4,-0.015,1
"2026-06-10 18:00:00",32,13.68,20.59,36,53,53,204,36594,1.3,0.75,7919,23573,-1,0,32,27488,1549,3777,-85,4,44.04357,-68.89228,4,-0.015,1
"2026-06-10 19:00:00",33,13.66,19.54,35,50.06,94,205,36594,1.3,0.75,7919,24293,-1,0,33,27488,1627,3855,-81,13,44.04358,-68.89229,4,-0.015,1
"2026-06-10 20:00:00",34,13.42,17.94,36,94,128,204,36594,1.3,0.75,7919,25013,-1,0,34,27488,1705,3933,-83,4,44.04358,-68.89224,6,-0.032,1
"2026-06-10 21:00:00",35,13.28,17.32,36,128,137,211,36594,1.3,0.75,7919,25733,-1,0,35,27488,1785,4013,-81,4,44.04354,-68.89223,5,-0.032,1
"2026-06-10 22:00:00",36,13.23,16.91,36,137,151,205,36594,1.3,0.75,7919,26453,-1,0,36,27488,1872,4101,-81,4,44.04354,-68.89224,5,-0.045,1
"2026-06-10 23:00:00",37,13.22,16.96,36,151,151,204,36594,1.3,0.75,7919,27173,-1,0,37,27488,1957,4185,-87,4,44.04354,-68.89222,5,-0.045,1
"2026-06-11 00:00:00",38,13.2,16.88,36,149,158,205,36594,1.3,0.75,7919,27893,-1,0,38,27488,0,4269,-83,4,44.04356,-68.89223,4,-0.045,1
"2026-06-11 01:00:00",39,13.21,16.51,36,157.9,158,204,36594,1.3,0.75,7919,28613,-1,0,39,27488,87.3,4357,-89,4,44.04356,-68.89224,4,-0.045,1
"2026-06-11 02:00:00",40,13.2,16.79,37,114.1,156,204,36594,1.3,0.75,7919,29333,-1,0,40,27488,172.5,4442,-89,4,44.04357,-68.89223,4,-0.051,1
"2026-06-11 03:00:00",41,13.22,15.7,37,155.9,156,204,36594,1.3,0.75,7919,30053,-1,0,41,27488,258.3,4528,-89,4,44.04356,-68.8923,4,-0.051,1
"2026-06-11 04:00:00",42,13.21,15.71,37,119,125,204,36594,1.3,0.75,7919,30773,-1,0,42,27488,339.9,4609,-87,4,44.04352,-68.89221,4,-0.06,1
"2026-06-11 05:00:00",43,13.21,14.74,37,125,125,204,36594,1.3,0.75,7919,31493,-1,0,43,27488,421.7,4691,-87,4,44.04359,-68.89234,4,-0.06,1
"2026-06-11 06:00:00",44,13.18,14.62,36,107.1,163,204,36594,1.3,0.75,7919,32213,-1,0,44,27488,499.5,4769,-91,4,44.04369,-68.8923,4,-0.06,1
"2026-06-11 07:00:00",45,13.27,15.2,36,162.9,163,204,36594,1.3,0.75,7919,32933,-1,0,45,27488,579.6,4849,-87,4,44.04357,-68.89228,5,-0.06,1
"2026-06-11 08:00:00",46,13.35,15.75,35,90.9,91,211,36594,1.3,0.75,7919,33653,-1,0,46,27488,664.2,4933,-89,4,44.04358,-68.89214,4,-0.064,1
"2026-06-11 09:00:00",47,13.46,17.22,35,48.91,49,209,36594,1.3,0.75,7919,34373,-1,0,47,27488,750.3,5020,-73,13,44.04354,-68.89224,4,-0.064,1
"2026-06-11 10:00:00",48,13.47,16.96,35,-17.97,7,211,36594,1.3,0.75,7919,35093,-1,0,48,27488,839,5108,-77,13,44.04354,-68.89225,4,-0.064,1
"2026-06-11 11:00:00",49,13.68,22.4,34,7.05,43,204,36594,1.3,0.75,7919,35813,-1,0,49,27488,934,5203,-87,4,44.04354,-68.89221,5,-0.064,1
"2026-06-11 12:00:00",50,13.64,24.01,36,43,45,204,36594,1.3,0.75,7919,36533,-1,0,50,27488,1015,5284,-79,13,44.04353,-68.89224,4,-0.064,1
"2026-06-11 13:00:00",51,13.64,22.49,36,45.01,49,204,36594,1.3,0.75,7919,37253,-1,0,51,27488,1099,5369,-85,4,44.04354,-68.89211,4,-0.064,1
"2026-06-11 14:00:00",52,13.63,21.21,36,49.01,59,204,36594,1.3,0.75,7919,37973,-1,0,52,27488,1186,5456,-91,4,44.04357,-68.89222,5,-0.07,1
"2026-06-11 15:00:00",53,13.68,20.44,36,59,59,204,36594,1.3,0.75,7919,38693,-1,0,53,27488,1269,5539,-79,13,44.04356,-68.8923,4,-0.07,1
"2026-06-11 16:00:00",54,13.7,20.51,36,57.98,58,204,36594,1.3,0.75,7919,39413,-1,0,54,27488,1350,5619,-79,13,44.04359,-68.89228,5,-0.07,1
"2026-06-11 17:00:00",55,13.71,20.04,36,43.99,44,205,36594,1.3,0.75,7919,40133,-1,0,55,27488,1442,5711,-85,4,44.0436,-68.8923,4,-0.07,5
"2026-06-11 18:00:00",56,13.72,19.15,35,35.02,51,204,36594,1.3,0.75,7919,40853,-1,0,56,27488,1532,5802,-89,4,44.0436,-68.8923,4,-0.07,5
"2026-06-11 19:00:00",57,13.68,17.21,35,51.09,118,204,36594,1.3,0.75,7919,41573,-1,0,57,27488,1617,5886,-79,4,44.04359,-68.89232,4,-0.074,1
"2026-06-11 20:00:00",58,13.4,16.06,35,118.1,156,204,36594,1.3,0.75,7919,42293,-1,0,58,27488,1703,5973,-93,4,44.04354,-68.89233,4,-0.074,1
"2026-06-11 21:00:00",59,13.27,15.25,36,156,156,204,36594,1.3,0.75,7919,43013,-1,0,59,27488,1797,6067,-87,4,44.04358,-68.89226,4,-0.08,1
"2026-06-11 22:00:00",60,13.2,15.02,36,138,170,204,36594,1.3,0.75,7919,43733,-1,0,60,27488,1895,6164,-89,4,44.04354,-68.89221,4,-0.08,1
"2026-06-11 23:00:00",61,13.21,14.98,36,170,170,204,36594,1.3,0.75,7919,44453,-1,0,61,27488,1997,6267,-89,4,44.04354,-68.8922,4,-0.083,1
"2026-06-12 00:00:00",62,13.21,14.87,36,151,151,204,36594,1.3,0.75,7919,45173,-1,0,62,27488,0.061,6373,-77,13,44.04358,-68.89223,5,-0.081,1
"2026-06-12 01:00:00",63,13.21,14.52,36,136,136,204,36594,1.3,0.75,7919,45893,-1,0,63,27488,103,6476,-91,4,44.04359,-68.89225,4,-0.08,1
"2026-06-12 02:00:00",64,13.18,14.71,36,101,127,204,36594,1.3,0.75,7919,46613,-1,0,64,27488,226,6599,-77,13,44.0434,-68.89236,5,-0.08,1
"2026-06-12 03:00:00",65,13.18,14.41,36,127,127,205,36594,1.3,0.75,7919,47333,-1,0,65,27488,323.8,6696,-51,4,44.04359,-68.89223,4,-0.081,1
"2026-06-12 04:00:00",66,13.18,14.64,36,124,129,204,36594,1.3,0.75,7919,48053,-1,0,66,27488,424.8,6797,-91,4,"NAN","NAN",4,-0.081,1
"2026-06-12 05:00:00",67,13.18,14.19,36,129,132,205,36594,1.3,0.75,7919,48773,-1,0,67,27488,525.4,6898,-75,13,"NAN","NAN",4,-0.081,1
"2026-06-12 06:00:00",68,13.24,14.96,36,132,132,204,36594,1.3,0.75,7919,49493,-1,0,68,27488,620.1,6993,-79,13,44.04359,-68.89232,6,-0.081,1
"2026-06-12 07:00:00",69,13.35,16.08,36,100,100,204,36594,1.3,0.75,7919,50213,-1,0,69,27488,719.2,7092,-81,4,44.04346,-68.89233,4,-0.081,1
"2026-06-12 08:00:00",70,13.38,16.95,35,73.94,74,204,36594,1.3,0.75,7919,50933,-1,0,70,27488,820,7192,-87,4,44.04356,-68.89224,4,-0.079,1
"2026-06-12 09:00:00",71,13.58,18.99,35,33.8,34,208,36594,1.3,0.75,7919,51653,-1,0,71,27488,917,7290,-79,4,44.04354,-68.89223,4,-0.071,1
"2026-06-12 10:00:00",72,13.7,20.31,35,-108.7,82,204,36594,1.3,0.75,7919,52373,-1,0,72,27488,1018,7391,-79,4,44.04357,-68.89227,4,-0.071,1
"2026-06-12 11:00:00",73,13.67,21.95,34,82,82,204,36594,1.3,0.75,7919,53093,-1,0,73,27488,1113,7485,-73,13,44.04354,-68.89225,4,-0.064,1
"2026-06-12 12:00:00",74,13.68,20.77,35,79,81,204,36594,1.3,0.75,7919,53813,-1,0,74,27488,1205,7578,-95,13,44.04351,-68.89219,4,-0.064,1
"2026-06-12 13:00:00",75,13.63,20.28,36,81,115,205,36594,1.3,0.75,7919,54533,-1,0,75,27488,1303,7675,-79,13,44.04351,-68.8922,4,-0.064,1
"2026-06-12 14:00:00",76,13.7,19.73,36,114.9,115,204,36594,1.3,0.75,7919,55253,-1,0,76,27488,1396,7769,-85,4,44.04356,-68.8922,4,-0.064,1
"2026-06-12 15:00:00",77,13.7,19.38,36,22.02,39,211,36594,1.3,0.75,7919,55973,-1,0,77,27488,1494,7867,-73,13,44.04356,-68.8922,4,-0.068,1
"2026-06-12 16:00:00",78,13.72,18.28,36,39.01,48,204,36594,1.3,0.75,7919,56693,-1,0,78,27488,1591,7963,-73,13,44.04354,-68.89232,4,-0.068,1
"2026-06-12 17:00:00",79,13.73,19.45,36,47.99,48,204,36594,1.3,0.75,7919,57413,-1,0,79,27488,1675,8047,-75,4,44.04362,-68.89229,4,-0.068,1
"2026-06-12 18:00:00",80,13.73,18.69,36,40.02,53,204,36594,1.3,0.75,7919,58133,-1,0,80,27488,1767,8139,-79,13,44.04362,-68.89229,4,-0.068,1
"2026-06-12 19:00:00",81,13.58,16.69,36,53.07,105,204,36594,1.3,0.75,7919,58853,-1,0,81,27488,1862,8235,-85,4,44.04364,-68.89233,4,-0.08,1
"2026-06-12 20:00:00",82,13.38,16.23,36,105,128,211,36594,1.3,0.75,7919,59573,-1,0,82,27488,1958,8331,-87,4,44.04346,-68.89235,4,-0.08,1
"2026-06-12 21:00:00",83,13.25,16.01,36,128,128,204,36594,1.3,0.75,7919,60293,-1,0,83,27488,2054,8427,-81,13,44.04346,-68.89235,4,-0.082,1
"2026-06-12 22:00:00",84,13.21,15.52,36,112.1,165,211,36594,1.3,0.75,7919,61013,-1,0,84,27488,2217,8589,-83,4,44.04356,-68.89223,5,-0.082,1
"2026-06-12 23:00:00",85,13.21,14.76,37,165,165,204,36594,1.3,0.75,7919,61733,-1,0,85,27488,2328,8701,-75,13,44.04363,-68.89239,5,-0.082,1
"2026-06-13 00:00:00",86,13.21,15.14,37,132,132,204,36594,1.3,0.75,7919,62453,-1,0,86,27488,0,8805,-81,4,44.04357,-68.89223,6,-0.082,1
"2026-06-13 01:00:00",87,13.21,14.95,37,129,129,204,36594,1.3,0.75,7919,63173,-1,0,87,27488,102.6,8908,-83,4,44.04357,-68.89223,6,-0.079,1
"2026-06-13 02:00:00",88,13.2,14.76,36,114,114,211,36594,1.3,0.75,7919,63893,-1,0,88,27488,192.3,8997,-85,4,44.04356,-68.89229,4,-0.073,1
"2026-06-13 03:00:00",89,13.2,14.91,37,112,112,204,36594,1.3,0.75,7919,64613,-1,0,89,27488,300.3,9105,-85,4,44.04356,-68.89229,4,-0.073,1
"2026-06-13 04:00:00",90,13.2,14.81,37,107,113,205,36594,1.3,0.75,7919,65333,-1,0,90,27488,395.3,9200,-81,4,44.04356,-68.89229,4,-0.074,1
"2026-06-13 05:00:00",91,13.19,14.67,36,113,123,211,36594,1.3,0.75,7919,66053,-1,0,91,27488,496.4,9302,-77,13,44.04356,-68.8923,5,-0.074,1
"2026-06-13 06:00:00",92,13.2,14.41,36,123,123,204,36594,1.3,0.75,7919,66773,-1,0,92,27488,592.2,9397,-77,13,44.04359,-68.89232,5,-0.07,1
"2026-06-13 07:00:00",93,13.33,16.18,36,95.9,96,204,36594,1.3,0.75,7919,67493,-1,0,93,27488,683.3,9488,-77,13,44.04356,-68.8923,4,-0.07,1
"2026-06-13 08:00:00",94,13.35,16.53,36,53.99,54,204,36594,1.3,0.75,7919,68213,-1,0,94,27488,766.7,9572,-87,4,44.04356,-68.8923,4,-0.064,1
"2026-06-13 09:00:00",95,13.49,16.9,36,48.89,49,204,36594,1.3,0.75,7919,68933,-1,0,95,27488,852,9657,-77,13,44.04357,-68.89225,5,-0.064,1
"2026-06-13 10:00:00",96,13.62,19.51,35,-28.11,-28,204,36594,1.3,0.75,7919,69653,-1,0,96,27488,934,9739,-73,13,44.04356,-68.89224,5,-0.06,1
"2026-06-13 11:00:00",97,13.67,22.54,34,-108.8,64,204,36594,1.3,0.75,7919,70373,-1,0,97,27488,1018,9823,-85,4,44.04356,-68.89222,6,-0.052,1
"2026-06-13 12:00:00",98,13.67,20.35,34,64,65,204,36594,1.3,0.75,7919,71093,-1,0,98,27488,1372,10177,-87,4,44.04351,-68.89221,5,-0.041,1
"2026-06-13 13:00:00",99,13.71,20.31,35,64.99,65,204,36594,1.3,0.75,7919,71813,-1,0,99,27488,1456,10261,-87,4,44.04359,-68.8922,5,-0.041,1
"2026-06-13 14:00:00",100,13.7,19.37,36,58.96,59,211,36594,1.3,0.75,7919,72533,-1,0,100,27488,1535,10340,-77,13,44.04356,-68.89233,4,-0.041,1
"2026-06-13 15:00:00",101,13.71,19.26,37,32.99,33,211,36594,1.3,0.75,7919,73253,-1,0,101,27488,1622,10428,-77,13,44.04357,-68.89223,4,-0.041,1
"2026-06-13 16:00:00",102,13.69,20.14,37,28.05,62,212,36594,1.3,0.75,7919,73973,-1,0,102,27488,1712,10517,-79,13,44.04357,-68.89223,4,-0.041,1
"2026-06-13 17:00:00",103,13.7,19.78,36,61.96,62,205,36594,1.3,0.75,7919,74693,-1,0,103,27488,1798,10603,-81,4,44.04358,-68.89225,4,-0.041,1
"2026-06-13 18:00:00",104,13.71,19.87,36,33.01,41,204,36594,1.3,0.75,7919,75413,-1,0,104,27488,1937,10742,-87,4,44.04367,-68.89178,4,-0.041,1
"2026-06-13 19:00:00",105,13.7,18.66,36,41.01,47,204,36594,1.3,0.75,7919,76133,-1,0,105,27488,2021,10826,-81,4,44.04365,-68.8923,4,-0.041,1
"2026-06-13 20:00:00",106,13.69,17.26,36,47.09,109,204,36594,1.3,0.75,7919,76853,-1,0,106,27488,2114,10919,-79,13,44.04365,-68.8923,4,-0.041,1
"2026-06-13 21:00:00",107,13.4,15.19,37,109,134,212,36594,1.3,0.75,7919,77573,-1,0,107,27488,2206,11011,-75,13,44.04358,-68.89229,4,-0.041,1
"2026-06-13 22:00:00",108,13.27,14.82,37,134,147,204,36594,1.3,0.75,7919,78293,-1,0,108,27488,2314,11119,-73,13,44.04354,-68.89226,4,-0.041,1
"2026-06-13 23:00:00",109,13.22,14.24,37,147,147,204,36594,1.3,0.75,7919,79013,-1,0,109,27488,2410,11216,-79,13,44.04356,-68.89221,4,-0.041,1
"2026-06-14 00:00:00",110,13.22,14.62,37,141,144,211,36594,1.3,0.75,7919,79733,-1,0,110,27488,0,11323,-87,4,44.04354,-68.89223,4,-0.044,1
"2026-06-14 01:00:00",111,13.21,14.1,37,144,144,204,36594,1.3,0.75,7919,80453,-1,0,111,27488,111.1,11434,-89,4,44.04359,-68.89219,4,-0.044,1
"2026-06-14 02:00:00",112,13.18,13.45,37,130.1,208,205,36594,1.3,0.75,7919,81173,-1,0,112,27488,200.4,11523,-81,13,44.04356,-68.89222,6,-0.044,1
"2026-06-14 03:00:00",113,13.19,14.01,37,207.9,208,210,36594,1.3,0.75,7919,81893,-1,0,113,27488,287.4,11610,-87,4,44.04362,-68.8923,4,-0.044,1
"2026-06-14 04:00:00",114,13.2,13.55,37,150.9,151,204,36594,1.3,0.75,7919,82613,-1,0,114,27488,378.2,11701,-87,4,44.04359,-68.89237,5,-0.044,1
"2026-06-14 05:00:00",115,13.21,14.16,37,90,90,211,36594,1.3,0.75,7919,83333,-1,0,115,27488,462.6,11785,-87,4,44.04352,-68.89228,4,-0.04,1
"2026-06-14 06:00:00",116,13.4,16.97,36,77.93,78,204,36594,1.3,0.75,7919,84053,-1,0,116,27488,540.7,11863,-83,4,44.04356,-68.89228,5,-0.04,1
"2026-06-14 07:00:00",117,13.46,19.1,36,24,24,204,36594,1.3,0.75,7919,84773,-1,0,117,27488,630.9,11954,-83,4,44.04357,-68.89228,5,-0.037,1
"2026-06-14 08:00:00",118,13.66,22.71,35,21.08,82,204,36594,1.3,0.75,7919,85493,-1,0,118,27488,713.1,12036,-71,4,44.04358,-68.8922,5,-0.037,1
"2026-06-14 09:00:00",119,13.7,19.74,36,82,82,204,36594,1.3,0.75,7919,86213,-1,0,119,27488,797.2,12120,-79,13,44.04354,-68.8923,4,-0.028,1
"2026-06-14 10:00:00",120,13.71,20.78,35,62.98,63,210,36594,1.3,0.75,7919,86933,-1,0,120,27488,882,12205,-81,13,44.04362,-68.8923,4,-0.011,1
"2026-06-14 11:00:00",121,13.71,20.02,36,46,46,204,36594,1.3,0.75,7919,87653,-1,0,121,27488,973,12296,-77,13,44.0434,-68.89226,4,-0.011,1
"2026-06-14 12:00:00",122,13.7,20.03,35,43,43,204,36594,1.3,0.75,7919,88373,-1,0,122,27488,1060,12382,-69,4,44.0434,-68.89226,4,-0.011,1
"2026-06-14 13:00:00",123,13.7,19.94,37,40.99,41,204,36594,1.3,0.75,7919,89093,-1,0,123,27488,1155,12477,-79,4,44.04356,-68.89225,4,-0.021,1
"2026-06-14 14:00:00",124,13.71,20.18,37,33.01,41,204,36594,1.3,0.75,7919,89813,-1,0,124,27488,1250,12572,-79,4,44.04358,-68.8922,4,-0.021,1
"2026-06-14 15:00:00",125,13.71,19.68,37,40.99,41,211,36594,1.3,0.75,7919,90533,-1,0,125,27488,1342,12664,-73,13,44.04356,-68.89224,4,-0.021,1
"2026-06-14 16:00:00",126,13.7,19.88,36,33.03,52,204,36594,1.3,0.75,7919,91253,-1,0,126,27488,1435,12757,-79,13,44.0436,-68.89223,4,-0.021,1
"2026-06-14 17:00:00",127,13.67,20.16,36,52.02,63,204,36594,1.3,0.75,7919,91973,-1,0,127,27488,1526,12849,-83,4,44.04359,-68.89224,4,-0.031,1
"2026-06-14 18:00:00",128,13.7,20.03,37,63.02,74,211,36594,1.3,0.75,7919,92693,-1,0,128,27488,1614,12937,-79,13,44.04361,-68.89229,4,-0.031,1
"2026-06-14 19:00:00",129,13.66,20.59,37,74.03,98,204,36594,1.3,0.75,7919,93413,-1,0,129,27488,1709,13032,-81,4,44.0436,-68.89232,4,-0.051,1
"2026-06-14 20:00:00",130,13.42,18.46,37,98,120,204,36594,1.3,0.75,7919,94133,-1,0,130,27488,1799,13122,-79,4,44.0436,-68.89232,4,-0.051,1
"2026-06-14 21:00:00",131,13.25,17.11,37,120.1,160,204,36594,1.3,0.75,7919,94853,-1,0,131,27488,1883,13205,-83,4,44.0436,-68.89232,4,-0.063,1
"2026-06-14 22:00:00",132,13.22,18.31,37,160,160,211,36594,1.3,0.75,7919,95573,-1,0,132,27488,1975,13298,-81,4,44.04356,-68.89224,5,-0.063,1
"2026-06-14 23:00:00",133,13.23,16.72,37,133,133,204,36594,1.3,0.75,7919,96293,-1,0,133,27488,2066,13388,-83,4,44.04356,-68.89224,5,-0.076,1
"2026-06-15 00:00:00",134,13.21,16.58,37,121.1,186,204,36594,1.3,0.75,7919,97013,-1,0,134,27488,0,13467,-85,4,44.04353,-68.89225,4,-0.076,1
"2026-06-15 01:00:00",135,13.22,16.66,37,185.9,186,204,36594,1.3,0.75,7919,97733,-1,0,135,27488,79.58,13546,-85,4,"NAN","NAN",4,-0.079,1
"2026-06-15 02:00:00",136,13.22,16.45,37,147,147,204,36594,1.3,0.75,7919,98453,-1,0,136,27488,167.1,13634,-79,13,44.0436,-68.89224,4,-0.079,1
"2026-06-15 03:00:00",137,13.18,16.7,37,129,154,211,36594,1.3,0.75,7919,99173,-1,0,137,27488,258.3,13725,-73,13,"NAN","NAN",4,-0.09,1
"2026-06-15 04:00:00",138,13.2,17.62,37,154,161,211,36594,1.3,0.75,7919,99893,-1,0,138,27488,341.2,13808,-87,4,"NAN","NAN",4,-0.09,1
"2026-06-15 05:00:00",139,13.22,17.53,37,160.9,161,204,36594,1.3,0.75,7919,100613,-1,0,139,27488,428.9,13896,-81,13,"NAN","NAN",4,-0.096,1
"2026-06-15 06:00:00",140,13.22,17.59,37,121,149,204,36594,1.3,0.75,7919,101333,-1,0,140,27488,513,13980,-91,4,"NAN","NAN",4,-0.096,1
"2026-06-15 07:00:00",141,13.22,15.78,37,148.9,149,211,36594,1.3,0.75,7919,102053,-1,0,141,27488,593.8,14061,-83,4,"NAN","NAN",4,-0.099,1
"2026-06-15 08:00:00",142,13.22,16.06,37,110,135,204,36594,1.3,0.75,7919,102773,-1,0,142,27488,733.3,14200,-87,4,"NAN","NAN",4,-0.099,1
"2026-06-15 09:00:00",143,13.29,17.47,37,134.9,135,211,36594,1.3,0.75,7919,103493,-1,0,143,27488,1009,14476,-83,4,44.04359,-68.89234,4,-0.111,1
"2026-06-15 10:00:00",144,13.25,17.18,37,65.09,133,211,36594,1.3,0.75,7919,104213,-1,0,144,27488,1308,14775,-51,13,44.04363,-68.89231,4,-0.111,1
"2026-06-15 11:00:00",145,13.27,16.09,37,132.9,133,204,36594,1.3,0.75,7919,104933,-1,0,145,27488,1620,15087,-51,13,44.04363,-68.89231,4,-0.122,1
"2026-06-15 12:00:00",146,13.39,16.97,36,73.93,74,204,36594,1.3,0.75,7919,105653,-1,0,146,27488,1928,15395,-87,4,"NAN","NAN",4,-0.122,1
"2026-06-15 13:00:00",147,13.52,20.55,35,23.89,24,213,36594,1.3,0.75,7919,106373,-1,0,147,27488,2218,15684,-77,13,44.04351,-68.8922,4,-0.122,1
"2026-06-15 14:00:00",148,13.46,22.35,35,-57.86,40,204,36594,1.3,0.75,7919,107093,-1,0,148,27488,2501,15968,-85,4,44.04359,-68.89223,6,-0.121,1
"2026-06-15 15:00:00",149,13.65,22.12,38,40,43,204,36594,1.3,0.75,7919,107813,-1,0,149,27488,2707,16173,-79,4,44.04359,-68.8922,4,-0.112,1
"2026-06-15 16:00:00",150,13.65,24.41,34,43.04,70,204,36594,1.3,0.75,7919,108533,-1,0,150,27488,2970,16436,-75,13,"NAN","NAN",4,-0.111,1
"2026-06-15 17:00:00",151,13.64,22.89,35,70,70,204,36594,1.3,0.75,7919,109253,-1,0,151,27488,3265,16732,-81,4,44.04351,-68.89226,4,-0.111,1
"2026-06-15 18:00:00",152,13.67,20.23,35,67.97,68,211,36594,1.3,0.75,7919,109973,-1,0,152,27488,3555,17022,-81,4,44.04354,-68.8923,4,-0.107,1
"2026-06-15 19:00:00",153,13.72,20.18,35,49.03,68,205,36594,1.3,0.75,7919,110693,-1,0,153,27488,3834,17301,-81,4,44.04356,-68.89224,4,-0.107,1
"2026-06-15 20:00:00",154,13.59,17.77,36,68.03,91,204,36594,1.3,0.75,7919,111413,-1,0,154,27488,4124,17591,-81,4,"NAN","NAN",4,-0.107,1
"2026-06-15 21:00:00",155,13.33,16.43,36,91,93,204,36594,1.3,0.75,7919,112133,-1,0,155,27488,4417,17884,-81,4,44.04356,-68.89235,5,-0.108,1
"2026-06-15 22:00:00",156,13.24,16.18,36,93.1,132,210,36594,1.3,0.75,7919,112853,-1,0,156,27488,4698,18165,-81,4,44.04356,-68.89234,4,-0.108,1
"2026-06-15 23:00:00",157,13.21,16.44,37,132,145,204,36594,1.3,0.75,7919,113573,-1,0,157,27488,4976,18443,-87,4,44.04354,-68.89221,4,-0.108,1
"2026-06-16 00:00:00",158,13.22,17.08,37,145,145,204,36594,1.3,0.75,7919,114293,-1,0,158,27488,0.182,18704,-89,4,"NAN","NAN",4,-0.106,1
"2026-06-16 01:00:00",159,13.22,17.04,37,145,145,211,36594,1.3,0.75,7919,115013,-1,0,159,27488,265.9,18970,-79,13,44.04352,-68.89222,4,-0.101,1
"2026-06-16 02:00:00",160,13.2,16.93,37,137,160,204,36594,1.3,0.75,7919,115733,-1,0,160,27488,530,19234,-87,4,44.04353,-68.89223,5,-0.101,1
"2026-06-16 03:00:00",161,13.2,16.64,37,160,170,204,36594,1.3,0.75,7919,116453,-1,0,161,27488,810,19514,-77,13,"NAN","NAN",4,-0.1,1
"2026-06-16 04:00:00",162,13.18,16.29,37,170,181,212,36594,1.3,0.75,7919,117173,-1,0,162,27488,1058,19762,-77,13,"NAN","NAN",4,-0.1,1
"2026-06-16 05:00:00",163,13.2,16.21,37,180.9,181,211,36594,1.3,0.75,7919,117893,-1,0,163,27488,1305,20009,-75,13,44.04352,-68.89214,4,-0.09,1
"2026-06-16 06:00:00",164,13.41,16.9,37,111.8,112,211,36594,1.3,0.75,7919,118613,-1,0,164,27488,1538,20242,-83,4,44.04357,-68.8923,4,-0.088,1
"2026-06-16 07:00:00",165,13.59,18.6,36,-50.2,-50,204,36594,1.3,0.75,7919,119333,-1,0,165,27488,1769,20473,-75,13,44.04357,-68.8923,4,-0.079,1
"2026-06-16 08:00:00",166,13.6,20.01,37,-194.9,-115,204,36594,1.3,0.75,7919,120053,-1,0,166,27488,2000,20704,-79,13,44.04357,-68.8923,4,-0.076,1
"2026-06-16 09:00:00",167,13.73,20.86,37,-114.8,55,204,36594,1.3,0.75,7919,120773,-1,0,167,27488,2236,20940,-75,13,44.04357,-68.8923,4,-0.071,1
"2026-06-16 10:00:00",168,13.7,21.21,36,55.01,64,204,36594,1.3,0.75,7919,121493,-1,0,168,27488,2471,21175,-75,4,44.04357,-68.8923,4,-0.058,1
"2026-06-16 11:00:00",169,13.68,23.25,35,63.95,64,210,36594,1.3,0.75,7919,122213,-1,0,169,27488,2678,21382,-81,4,44.04345,-68.89223,4,-0.058,1
"2026-06-16 12:00:00",170,13.61,24.68,36,27.07,77,205,36594,1.3,0.75,7919,122933,-1,0,170,27488,2890,21594,-83,4,44.04362,-68.89226,4,-0.05,1
"2026-06-16 13:00:00",171,13.64,23.32,35,77,80,204,36594,1.3,0.75,7919,123653,-1,0,171,27488,3091,21795,-75,13,44.04354,-68.89225,4,-0.05,1
"2026-06-16 14:00:00",172,13.64,22.5,35,79.99,80,211,36594,1.3,0.75,7919,124373,-1,0,172,27488,3285,21989,-83,4,44.04359,-68.89223,4,-0.05,1
"2026-06-16 15:00:00",173,13.69,20.48,36,74.99,75,204,36594,1.3,0.75,7919,125093,-1,0,173,27488,3481,22185,-79,13,44.04353,-68.89221,4,-0.05,1
"2026-06-16 16:00:00",174,13.71,19.87,36,64.99,65,204,36594,1.3,0.75,7919,125813,-1,0,174,27488,3674,22378,-81,4,44.04353,-68.89221,4,-0.054,1
"2026-06-16 17:00:00",175,13.7,19.72,36,58.98,59,205,36594,1.3,0.75,7919,126533,-1,0,175,27488,3863,22567,-77,13,44.04353,-68.89221,4,-0.054,1
"2026-06-16 18:00:00",176,13.7,19.45,37,44.99,45,205,36594,1.3,0.75,7919,127253,-1,0,176,27488,4054,22758,-75,13,44.04361,-68.8922,4,-0.057,1
"2026-06-16 19:00:00",177,13.73,19.41,37,38.02,54,204,36594,1.3,0.75,7919,127973,-1,0,177,27488,4234,22938,-85,4,44.04361,-68.89222,4,-0.057,1
"2026-06-16 20:00:00",178,13.66,17.69,37,54.11,134,204,36594,1.3,0.75,7919,128693,-1,0,178,27488,4416,23120,-81,13,44.0436,-68.89228,5,-0.057,1
"2026-06-16 21:00:00",179,13.38,15.46,37,134,139,211,36594,1.3,0.75,7919,129413,-1,0,179,27488,4590,23295,-87,4,44.0436,-68.89228,5,-0.057,1
"2026-06-16 22:00:00",180,13.19,14.93,37,139.1,194,205,36594,1.3,0.75,7919,130133,-1,0,180,27488,4763,23467,-87,4,44.04359,-68.89227,5,-0.054,1
"2026-06-16 23:00:00",181,13.21,14.7,37,193.9,194,204,36594,1.3,0.75,7919,130853,-1,0,181,27488,4928,23632,-79,4,44.04341,-68.89233,4,-0.054,1
"2026-06-17 00:00:00",182,13.17,14.52,37,146,171,204,36594,1.3,0.75,7919,131573,-1,0,182,27488,0,23802,-87,4,44.04354,-68.89224,4,-0.052,1
"2026-06-17 01:00:00",183,13.2,14.8,37,170.9,171,211,36594,1.3,0.75,7919,132293,-1,0,183,27488,160.2,23962,-85,4,44.04354,-68.89224,4,-0.048,1
"2026-06-17 02:00:00",184,13.2,14.48,37,133,143,210,36594,1.3,0.75,7919,133013,-1,0,184,27488,310.5,24112,-83,4,44.04354,-68.89224,4,-0.045,1
"2026-06-17 03:00:00",185,13.16,13.66,38,143.1,188,211,36594,1.3,0.75,7919,133733,-1,0,185,27488,384.1,24186,-81,4,44.04352,-68.89223,4,-0.045,1
"2026-06-17 04:00:00",186,13.2,14.09,37,187.9,188,204,36594,1.3,0.75,7919,134453,-1,0,186,27488,541.3,24343,-87,4,44.04354,-68.89225,4,-0.045,1
"2026-06-17 05:00:00",187,13.21,13.43,37,132,132,208,36594,1.3,0.75,7919,135173,-1,0,187,27488,683.2,24485,-81,4,44.04351,-68.89222,5,-0.045,1
"2026-06-17 06:00:00",188,13.57,16.53,37,100.7,101,204,36594,1.3,0.75,7919,135893,-1,0,188,27488,832,24634,-83,4,44.04352,-68.89223,5,-0.041,1
"2026-06-17 07:00:00",189,13.67,18.78,37,-143.1,-143,211,36594,1.3,0.75,7919,136613,-1,0,189,27488,960,24762,-79,4,44.04353,-68.89227,4,-0.041,1
"2026-06-17 08:00:00",190,13.73,20.28,38,-179.7,25,204,36594,1.3,0.75,7919,137333,-1,0,190,27488,1087,24889,-75,4,44.0435,-68.89225,4,-0.024,1
"2026-06-17 09:00:00",191,13.7,21.54,37,25.04,53,205,36594,1.3,0.75,7919,138053,-1,0,191,27488,1212,25014,-77,4,44.04352,-68.89224,5,-0.018,1
"2026-06-17 10:00:00",192,13.67,22.39,37,52.99,53,205,36594,1.3,0.75,7919,138773,-1,0,192,27488,1330,25132,-83,4,44.04356,-68.89225,5,-0.015,1
"2026-06-17 11:00:00",193,13.68,22.54,37,47.98,48,204,36594,1.3,0.75,7919,139493,-1,0,193,27488,1451,25252,-85,4,44.04357,-68.89233,5,-0.012,1
"2026-06-17 12:00:00",194,13.62,24.85,36,36.05,69,211,36594,1.3,0.75,7919,140213,-1,0,194,27488,1559,25361,-79,4,44.04356,-68.89223,4,-0.012,1
"2026-06-17 13:00:00",195,13.64,21.79,36,68.92,69,204,36594,1.3,0.75,7919,140933,-1,0,195,27488,1671,25472,-81,4,44.04351,-68.89228,4,-0.012,1
"2026-06-17 14:00:00",196,13.7,20.69,37,14.08,75,204,36594,1.3,0.75,7919,141653,-1,0,196,27488,1776,25578,-89,4,44.04356,-68.8923,4,-0.012,1
"2026-06-17 15:00:00",197,13.71,20.72,36,74.97,75,205,36594,1.3,0.75,7919,142373,-1,0,197,27488,1882,25684,-81,4,44.04351,-68.89225,5,-0.018,1
"2026-06-17 16:00:00",198,13.68,22.52,37,54.03,76,212,36594,1.3,0.75,7919,143093,-1,0,198,27488,1998,25799,-85,4,44.0436,-68.8923,4,-0.018,1
"2026-06-17 17:00:00",199,13.67,22.67,37,75.97,76,208,36594,1.3,0.75,7919,143813,-1,0,199,27488,2092,25894,-81,4,44.04353,-68.8922,5,-0.022,1
"2026-06-17 18:00:00",200,13.67,21.8,37,54.01,61,211,36594,1.3,0.75,7919,144533,-1,0,200,27488,2192,25994,-77,4,44.04359,-68.89223,5,-0.022,1
"2026-06-17 19:00:00",201,13.66,21.01,37,61,61,204,36594,1.3,0.75,7919,145253,-1,0,201,27488,2298,26099,-77,4,44.04358,-68.89224,4,-0.022,1
"2026-06-17 20:00:00",202,13.66,21.92,34,59.01,63,205,36594,1.3,0.75,7919,145973,-1,0,202,27488,2388,26190,-79,4,44.04356,-68.89226,4,-0.022,1
"2026-06-17 21:00:00",203,13.39,16.69,37,63.06,107,205,36594,1.3,0.75,7919,146693,-1,0,203,27488,2480,26282,-81,4,44.04357,-68.89227,6,-0.022,1
"2026-06-17 22:00:00",204,13.27,15.26,37,107,107,204,36594,1.3,0.75,7919,147413,-1,0,204,27488,2589,26391,-87,4,44.04358,-68.89229,4,-0.026,1
"2026-06-17 23:00:00",205,13.2,14.19,37,98,124,204,36594,1.3,0.75,7919,148133,-1,0,205,27488,2693,26495,-85,4,"NAN","NAN",4,-0.027,1
"2026-06-18 00:00:00",206,13.19,14.39,37,124,136,211,36594,1.3,0.75,7919,148853,-1,0,206,27488,0.166,26596,-87,4,"NAN","NAN",4,-0.027,1
"2026-06-18 01:00:00",207,13.19,13.86,38,136,166,204,36594,1.3,0.75,7919,149573,-1,0,207,27488,107.6,26704,-91,4,44.04356,-68.8922,4,-0.027,1
"2026-06-18 02:00:00",208,13.2,14.11,37,166,166,204,36594,1.3,0.75,7919,150293,-1,0,208,27488,201.7,26798,-89,13,44.04358,-68.89228,4,-0.027,1
"2026-06-18 03:00:00",209,13.19,13.93,38,149,163,204,36594,1.3,0.75,7919,151013,-1,0,209,27488,300.4,26896,-83,4,44.04354,-68.89224,4,-0.032,1
"2026-06-18 04:00:00",210,13.2,14.28,37,163,163,205,36594,1.3,0.75,7919,151733,-1,0,210,27488,396.2,26992,-83,4,"NAN","NAN",4,-0.032,1
"2026-06-18 05:00:00",211,13.18,14.31,37,140,171,205,36594,1.3,0.75,7919,152453,-1,0,211,27488,483.1,27079,-85,4,44.04356,-68.89217,4,-0.034,1
"2026-06-18 06:00:00",212,13.22,14.59,38,170.9,171,204,36594,1.3,0.75,7919,153173,-1,0,212,27488,566.2,27162,-81,13,44.04363,-68.89229,4,-0.034,1
"2026-06-18 07:00:00",213,13.23,14.43,38,121,142,204,36594,1.3,0.75,7919,153893,-1,0,213,27488,654.9,27251,-77,13,44.0435,-68.8922,4,-0.034,1
"2026-06-18 08:00:00",214,13.31,15.32,37,141.9,142,204,36594,1.3,0.75,7919,154613,-1,0,214,27488,755.1,27351,-77,13,44.04351,-68.89227,4,-0.034,1
"2026-06-18 09:00:00",215,13.26,15.71,38,83.1,154,205,36594,1.3,0.75,7919,155333,-1,0,215,27488,844,27440,-79,13,44.04356,-68.89228,4,-0.034,1
"2026-06-18 10:00:00",216,13.31,14.75,38,153.9,154,204,36594,1.3,0.75,7919,156053,-1,0,216,27488,937,27533,-81,13,44.04359,-68.89231,4,-0.034,1
"2026-06-18 11:00:00",217,13.26,15.41,38,86.1,164,204,36594,1.3,0.75,7919,156773,-1,0,217,27488,1037,27633,-87,4,44.0436,-68.89232,4,-0.037,1
"2026-06-18 12:00:00",218,13.28,15.42,38,163.9,164,204,36594,1.3,0.75,7919,157493,-1,0,218,27488,1119,27716,-85,4,44.04363,-68.89231,4,-0.037,1
"2026-06-18 13:00:00",219,13.26,14.77,37,114,120,204,36594,1.3,0.75,7919,158213,-1,0,219,27488,1196,27792,-81,4,44.04364,-68.8923,4,-0.037,1
"2026-06-18 14:00:00",220,13.27,15.23,37,119.9,120,211,36594,1.3,0.75,7919,158933,-1,0,220,27488,1286,27882,-79,13,44.04364,-68.8923,4,-0.037,1
"2026-06-18 15:00:00",221,13.26,14.82,37,79.02,96,204,36594,1.3,0.75,7919,159653,-1,0,221,27488,1380,27976,-87,4,44.04363,-68.89231,4,-0.062,1
"2026-06-18 16:00:00",222,13.2,14.33,37,96,126,204,36594,1.3,0.75,7919,160373,-1,0,222,27488,1476,28072,-89,4,44.04363,-68.89231,4,-0.062,1
"2026-06-18 17:00:00",223,13.22,14.13,37,126,127,204,36594,1.3,0.75,7919,161093,-1,0,223,27488,1568,28164,-77,4,44.04363,-68.89231,4,-0.102,1
"2026-06-18 18:00:00",224,13.24,14.55,37,126.9,127,204,36594,1.3,0.75,7919,161813,-1,0,224,27488,1660,28256,-77,13,44.04363,-68.89231,4,-0.102,1
"2026-06-18 19:00:00",225,13.19,14.94,37,79.07,127,204,36594,1.3,0.75,7919,162533,-1,0,225,27488,1751,28347,-79,4,44.04363,-68.89231,4,-0.102,1
"2026-06-18 20:00:00",226,13.17,15.81,37,127,143,211,36594,1.3,0.75,7919,163253,-1,0,226,27488,1845,28442,-79,13,44.04363,-68.89231,4,-0.102,1
"2026-06-18 21:00:00",227,13.18,14.95,38,143.2,319,204,36594,1.3,0.75,7919,163973,-1,0,227,27488,1947,28543,-77,13,44.04363,-68.89231,4,-0.153,1
"2026-06-18 22:00:00",228,13.18,14.58,38,318.8,319,204,36594,1.3,0.75,7919,164693,-1,0,228,27488,2038,28635,-85,4,44.04356,-68.89235,4,-0.153,1
"2026-06-18 23:00:00",229,13.16,14.8,38,181,181,211,36594,1.3,0.75,7919,165413,-1,0,229,27488,2129,28727,-87,4,44.04361,-68.89232,4,-0.169,1
"2026-06-19 00:00:00",230,13.17,14.59,38,175,175,204,36594,1.3,0.75,7919,166133,-1,0,230,27488,0,28823,-77,13,44.04359,-68.89227,4,-0.169,1
"2026-06-19 01:00:00",231,13.15,14.54,37,174,174,204,36594,1.3,0.75,7919,166853,-1,0,231,27488,159.4,28983,-89,4,44.04359,-68.89227,4,-0.175,1
"2026-06-19 02:00:00",232,13.19,14.79,38,165,165,211,36594,1.3,0.75,7919,167573,-1,0,232,27488,251,29075,-75,13,44.04354,-68.89221,4,-0.175,1
"2026-06-19 03:00:00",233,13.16,14.75,38,146,166,204,36594,1.3,0.75,7919,168293,-1,0,233,27488,341.9,29167,-77,13,44.04354,-68.89221,4,-0.182,1
"2026-06-19 04:00:00",234,13.19,14.45,38,166,166,211,36594,1.3,0.75,7919,169013,-1,0,234,27488,432.4,29258,-79,13,44.04354,-68.89221,4,-0.182,1
"2026-06-19 05:00:00",235,13.17,14.74,37,149,149,204,36594,1.3,0.75,7919,169733,-1,0,235,27488,514.4,29340,-83,13,44.04356,-68.89223,4,-0.198,1
"2026-06-19 06:00:00",236,13.41,16.61,37,142.8,143,204,36594,1.3,0.75,7919,170453,-1,0,236,27488,597.6,29424,-77,13,44.04356,-68.89219,4,-0.198,1
"2026-06-19 07:00:00",237,13.47,17.8,36,-2.032,-2,204,36594,1.3,0.75,7919,171173,-1,0,237,27488,680.9,29507,-85,4,44.04351,-68.89214,4,-0.198,1
"2026-06-19 08:00:00",238,13.41,19.26,36,-24.9,48,204,36594,1.3,0.75,7919,171893,-1,0,238,27488,766.3,29593,-85,4,44.04356,-68.89216,4,-0.16,1
"2026-06-19 09:00:00",239,13.43,18.36,36,47.98,48,204,36594,1.3,0.75,7919,172613,-1,0,239,27488,854,29681,-81,13,44.04356,-68.89216,4,-0.151,1
"2026-06-19 10:00:00",240,13.43,17.99,36,31.01,35,211,36594,1.3,0.75,7919,173333,-1,0,240,27488,940,29767,-75,13,44.04359,-68.89223,4,-0.151,1
"2026-06-19 11:00:00",241,13.42,18.32,36,35.03,58,205,36594,1.3,0.75,7919,174053,-1,0,241,27488,1030,29858,-85,4,44.04362,-68.89206,4,-0.151,1
"2026-06-19 12:00:00",242,13.5,18.79,36,57.91,58,204,36594,1.3,0.75,7919,174773,-1,0,242,27488,1128,29956,-79,13,44.04362,-68.89206,4,-0.151,1
"2026-06-19 13:00:00",243,13.69,19.88,35,-8.08,-8,211,36594,1.3,0.75,7919,175493,-1,0,243,27488,1219,30047,-77,13,44.04362,-68.89206,4,-0.151,1
"2026-06-19 14:00:00",244,13.73,18.81,36,-65.84,52,204,36594,1.3,0.75,7919,176213,-1,0,244,27488,1307,30136,-75,13,44.04362,-68.89206,4,-0.149,1
"2026-06-19 15:00:00",245,13.72,18.55,36,52.01,61,204,36594,1.3,0.75,7919,176933,-1,0,245,27488,1391,30220,-73,13,44.04358,-68.89221,6,-0.149,1
"2026-06-19 16:00:00",246,13.72,18.47,36,61.02,76,211,36594,1.3,0.75,7919,177653,-1,0,246,27488,1473,30302,-79,13,44.04358,-68.89221,6,-0.149,1
"2026-06-19 17:00:00",247,13.76,18.47,36,75.97,76,204,36594,1.3,0.75,7919,178373,-1,0,247,27488,1559,30388,-75,13,44.04358,-68.89221,6,-0.149,1
"2026-06-19 18:00:00",248,13.76,17.47,36,52.99,53,204,36594,1.3,0.75,7919,179093,-1,0,248,27488,1644,30473,-81,4,44.04349,-68.8922,4,-0.149,1
"2026-06-19 19:00:00",249,13.74,18.04,37,47.06,93,204,36594,1.3,0.75,7919,179813,-1,0,249,27488,1734,30564,-79,13,44.04354,-68.89217,5,-0.149,1
"2026-06-19 20:00:00",250,13.61,16.79,37,93,113,204,36594,1.3,0.75,7919,180533,-1,0,250,27488,1824,30653,-81,4,44.04354,-68.89217,5,-0.151,1
"2026-06-19 21:00:00",251,13.36,15.5,37,113,140,204,36594,1.3,0.75,7919,181253,-1,0,251,27488,1928,30758,-77,13,44.04353,-68.8922,4,-0.151,1
"2026-06-19 22:00:00",252,13.21,15.81,37,140,151,204,36594,1.3,0.75,7919,181973,-1,0,252,27488,2016,30846,-77,13,44.04356,-68.89221,4,-0.151,1
"2026-06-19 23:00:00",253,13.23,16.23,38,150.9,151,204,36594,1.3,0.75,7919,182693,-1,0,253,27488,2108,30939,-77,13,44.04356,-68.89221,4,-0.151,1
"2026-06-20 00:00:00",254,13.19,14.83,38,109,126,204,36594,1.3,0.75,7919,183413,-1,0,254,27488,0.14,31028,-83,4,44.04354,-68.89227,4,-0.156,1
"2026-06-20 01:00:00",255,13.19,15.43,38,126,159,204,36594,1.3,0.75,7919,184133,-1,0,255,27488,89.7,31118,-87,4,44.04358,-68.89227,4,-0.156,1
"2026-06-20 02:00:00",256,13.19,14.89,37,159,162,204,36594,1.3,0.75,7919,184853,-1,0,256,27488,177,31206,-87,4,44.04354,-68.89221,4,-0.16,1
"2026-06-20 03:00:00",257,13.21,14.2,37,162,162,204,36594,1.3,0.75,7919,185573,-1,0,257,27488,268.2,31298,-89,4,44.04353,-68.8922,5,-0.16,1
"2026-06-20 04:00:00",258,13.17,13.99,38,138,168,204,36594,1.3,0.75,7919,186293,-1,0,258,27488,356.7,31386,-83,4,44.04352,-68.89227,4,-0.167,1
"2026-06-20 05:00:00",259,13.22,15.15,38,167.9,168,204,36594,1.3,0.75,7919,187013,-1,0,259,27488,437,31467,-87,4,44.04351,-68.89224,4,-0.167,1
"2026-06-20 06:00:00",260,13.28,15.38,37,120,120,204,36594,1.3,0.75,7919,187733,-1,0,260,27488,523.6,31554,-85,4,44.04364,-68.89224,4,-0.167,1
"2026-06-20 07:00:00",261,13.3,16.14,37,89,91,211,36594,1.3,0.75,7919,188453,-1,0,261,27488,606.7,31638,-81,13,44.04354,-68.89222,4,-0.167,1
"2026-06-20 08:00:00",262,13.5,18.16,36,90.8,91,212,36594,1.3,0.75,7919,189173,-1,0,262,27488,692.5,31724,-77,13,44.04354,-68.89222,4,-0.166,1
"2026-06-20 09:00:00",263,13.55,18.97,37,-29.04,-29,210,36594,1.3,0.75,7919,189893,-1,0,263,27488,771.8,31803,-81,4,44.04354,-68.89222,4,-0.166,1
"2026-06-20 10:00:00",264,13.74,18.78,37,-60.79,93,210,36594,1.3,0.75,7919,190613,-1,0,264,27488,853,31884,-85,4,44.04348,-68.89221,4,-0.158,1
"2026-06-20 11:00:00",265,13.73,19.14,37,92.9,93,205,36594,1.3,0.75,7919,191333,-1,0,265,27488,933,31965,-73,13,44.04351,-68.8922,4,-0.155,1
"2026-06-20 12:00:00",266,13.74,19.08,37,43.99,44,211,36594,1.3,0.75,7919,192053,-1,0,266,27488,1008,32040,-77,13,44.04349,-68.89219,5,-0.155,1
"2026-06-20 13:00:00",267,13.72,19.89,36,39.02,54,204,36594,1.3,0.75,7919,192773,-1,0,267,27488,1088,32121,-75,13,44.04349,-68.89219,5,-0.155,1
"2026-06-20 14:00:00",268,13.73,19.87,36,54,56,211,36594,1.3,0.75,7919,193493,-1,0,268,27488,1167,32200,-79,4,44.04349,-68.89219,5,-0.148,1
"2026-06-20 15:00:00",269,13.68,20.93,36,56.02,70,205,36594,1.3,0.75,7919,194213,-1,0,269,27488,1250,32283,-87,4,44.04349,-68.89219,5,-0.148,1
"2026-06-20 16:00:00",270,13.69,20.11,36,69.98,70,204,36594,1.3,0.75,7919,194933,-1,0,270,27488,1336,32370,-83,4,44.04349,-68.89219,5,-0.122,1
"2026-06-20 17:00:00",271,13.71,19.4,36,52.01,62,211,36594,1.3,0.75,7919,195653,-1,0,271,27488,1413,32447,-79,4,44.04349,-68.89219,5,-0.122,1
"2026-06-20 18:00:00",272,13.71,18.41,37,62.03,82,205,36594,1.3,0.75,7919,196373,-1,0,272,27488,1495,32529,-89,4,44.04349,-68.89219,5,-0.119,1
"2026-06-20 19:00:00",273,13.75,18.33,37,82,88,204,36594,1.3,0.75,7919,197093,-1,0,273,27488,1586,32621,-83,4,44.04349,-68.89219,5,-0.117,1
"2026-06-20 20:00:00",274,13.63,17.46,37,88.1,155,204,36594,1.3,0.75,7919,197813,-1,0,274,27488,1672,32707,-83,4,44.04352,-68.89221,5,-0.117,1
"2026-06-20 21:00:00",275,13.38,16.53,38,155,155,205,36594,1.3,0.75,7919,198533,-1,0,275,27488,1759,32795,-85,4,44.04352,-68.89221,5,-0.098,1
"2026-06-20 22:00:00",276,13.25,15.62,38,144,144,204,36594,1.3,0.75,7919,199253,-1,0,276,27488,1849,32885,-81,4,44.04342,-68.89206,4,-0.098,1
"2026-06-20 23:00:00",277,13.23,15.21,38,123,123,204,36594,1.3,0.75,7919,199973,-1,0,277,27488,1933,32969,-81,4,44.04361,-68.89222,4,-0.09,1
"2026-06-21 00:00:00",278,13.2,15.19,38,107,117,204,36594,1.3,0.75,7919,200693,-1,0,278,27488,0,33050,-87,4,44.04351,-68.89227,5,-0.084,1
"2026-06-21 01:00:00",279,13.21,14.59,38,117,117,204,36594,1.3,0.75,7919,201413,-1,0,279,27488,84.6,33135,-87,4,44.04354,-68.89229,4,-0.082,1
"2026-06-21 02:00:00",280,13.18,14.64,38,109.1,163,204,36594,1.3,0.75,7919,202133,-1,0,280,27488,167.4,33218,-81,4,44.0435,-68.89235,4,-0.079,1
"2026-06-21 03:00:00",281,13.21,14.8,38,162.9,163,205,36594,1.3,0.75,7919,202853,-1,0,281,27488,250.8,33302,-81,4,44.04353,-68.8923,4,-0.079,1
"2026-06-21 04:00:00",282,13.2,14.77,38,120,129,204,36594,1.3,0.75,7919,203573,-1,0,282,27488,332.7,33385,-75,13,44.04342,-68.89249,5,-0.073,1
"2026-06-21 05:00:00",283,13.22,14.53,38,129,129,210,36594,1.3,0.75,7919,204293,-1,0,283,27488,417.5,33470,-79,13,44.04356,-68.89218,5,-0.073,1
"2026-06-21 06:00:00",284,13.39,16.73,37,122.9,123,204,36594,1.3,0.75,7919,205013,-1,0,284,27488,500,33553,-87,4,44.04356,-68.89229,4,-0.073,1
"2026-06-21 07:00:00",285,13.48,19.72,37,58.92,59,211,36594,1.3,0.75,7919,205733,-1,0,285,27488,576.1,33629,-75,13,44.04357,-68.89225,4,-0.072,1
"2026-06-21 08:00:00",286,13.7,21.06,36,4.061,48,204,36594,1.3,0.75,7919,206453,-1,0,286,27488,661.6,33715,-85,4,44.04352,-68.89223,4,-0.072,1
"2026-06-21 09:00:00",287,13.71,20.86,36,48.03,67,212,36594,1.3,0.75,7919,207173,-1,0,287,27488,744.6,33798,-85,4,44.04352,-68.89222,4,-0.054,1
"2026-06-21 10:00:00",288,13.68,21.66,36,67,67,204,36594,1.3,0.75,7919,207893,-1,0,288,27488,812,33866,-87,4,44.04353,-68.89225,4,-0.054,1
"2026-06-21 11:00:00",289,13.65,23.75,35,65.02,76,204,36594,1.3,0.75,7919,208613,-1,0,289,27488,890,33944,-77,13,44.0435,-68.89223,5,-0.047,1
"2026-06-21 12:00:00",290,13.64,23.24,35,76.04,105,211,36594,1.3,0.75,7919,209333,-1,0,290,27488,965,34020,-81,4,44.0435,-68.8923,4,-0.047,1
"2026-06-21 13:00:00",291,13.65,22.18,36,104.9,105,204,36594,1.3,0.75,7919,210053,-1,0,291,27488,1038,34093,-87,4,44.04356,-68.89223,4,-0.046,1
"2026-06-21 14:00:00",292,13.68,20.84,37,33,33,204,36594,1.3,0.75,7919,210773,-1,0,292,27488,1113,34168,-83,4,44.04353,-68.89234,4,-0.046,1
"2026-06-21 15:00:00",293,13.68,19.05,37,30.06,72,204,36594,1.3,0.75,7919,211493,-1,0,293,27488,1190,34245,-79,4,44.04356,-68.89232,4,-0.041,1
"2026-06-21 16:00:00",294,13.78,18.04,37,71.96,72,204,36594,1.3,0.75,7919,212213,-1,0,294,27488,1272,34328,-81,4,44.04354,-68.89223,4,-0.041,1
"2026-06-21 17:00:00",295,13.71,20.74,36,46.05,79,204,36594,1.3,0.75,7919,212933,-1,0,295,27488,1353,34409,-81,13,44.04359,-68.89219,4,-0.041,1
"2026-06-21 18:00:00",296,13.7,19.95,36,78.98,79,204,36594,1.3,0.75,7919,213653,-1,0,296,27488,1438,34494,-85,4,44.04354,-68.89223,5,-0.039,1
"2026-06-21 19:00:00",297,13.71,20.8,37,62.99,63,204,36594,1.3,0.75,7919,214373,-1,0,297,27488,1523,34580,-77,4,44.04353,-68.89225,5,-0.022,1
"2026-06-21 20:00:00",298,13.56,17.72,38,57.1,131,211,36594,1.3,0.75,7919,215093,-1,0,298,27488,1610,34667,-89,4,44.04354,-68.89223,4,-0.022,1
"2026-06-21 21:00:00",299,13.34,15.36,38,131,131,204,36594,1.3,0.75,7919,215813,-1,0,299,27488,1692,34750,-81,4,44.04354,-68.89222,4,-0.018,1
"2026-06-21 22:00:00",300,13.24,14.73,38,107,112,204,36594,1.3,0.75,7919,216533,-1,0,300,27488,1773,34831,-79,4,44.04352,-68.89225,5,-0.018,1
"2026-06-21 23:00:00",301,13.19,14.03,38,112,123,204,36594,1.3,0.75,7919,217253,-1,0,301,27488,1891,34949,-89,4,44.04348,-68.89227,4,-0.018,1
"2026-06-22 00:00:00",302,13.18,14.05,38,123,130,204,36594,1.3,0.75,7919,217973,-1,0,302,27488,0.605,35046,-79,4,44.04353,-68.89229,5,-0.014,1
"2026-06-22 01:00:00",303,13.2,13.74,38,130,130,204,36594,1.3,0.75,7919,218693,-1,0,303,27488,83.2,35129,-83,4,44.04354,-68.89225,5,-0.008,1
"2026-06-22 02:00:00",304,13.21,13.69,38,110,110,211,36594,1.3,0.75,7919,219413,-1,0,304,27488,173.9,35221,-75,13,44.04356,-68.89231,5,-0.008,1
"2026-06-22 03:00:00",305,13.2,13.25,38,99,107,205,36594,1.3,0.75,7919,220133,-1,0,305,27488,260.7,35308,-85,4,44.04358,-68.89231,5,0.004,1
"2026-06-22 04:00:00",306,13.18,13.48,38,107,130,211,36594,1.3,0.75,7919,220853,-1,0,306,27488,355.3,35403,-91,4,44.04353,-68.89234,4,0.007,1
"2026-06-22 05:00:00",307,13.21,13.83,38,129.9,130,204,36594,1.3,0.75,7919,221573,-1,0,307,27488,466.5,35514,-85,4,44.04356,-68.89225,4,0.01,1
"2026-06-22 06:00:00",308,13.33,17,37,87,87,204,36594,1.3,0.75,7919,222293,-1,0,308,27488,542.1,35590,-83,4,44.04356,-68.89224,4,0.012,1
"2026-06-22 07:00:00",309,13.45,20.22,36,77.92,78,204,36594,1.3,0.75,7919,223013,-1,0,309,27488,617.4,35666,-81,13,44.04358,-68.89231,4,0.023,1
"2026-06-22 08:00:00",310,13.58,22.24,35,18.9,19,204,36594,1.3,0.75,7919,223733,-1,0,310,27488,720.3,35769,-83,4,44.04354,-68.89221,4,0.023,1
"2026-06-22 09:00:00",311,13.67,21.6,35,-52.84,65,204,36594,1.3,0.75,7919,224453,-1,0,311,27488,819,35868,-89,4,44.04354,-68.89221,4,0.042,1
"2026-06-22 10:00:00",312,13.65,23.27,36,65.07,118,211,36594,1.3,0.75,7919,225173,-1,0,312,27488,902,35951,-75,13,44.04354,-68.8922,5,0.054,1
"2026-06-22 11:00:00",313,13.67,23.18,37,117.9,118,204,36594,1.3,0.75,7919,225893,-1,0,313,27488,989,36039,-89,4,44.04352,-68.89218,4,0.064,1
"2026-06-22 12:00:00",314,13.67,22.1,38,38.97,39,204,36594,1.3,0.75,7919,226613,-1,0,314,27488,1074,36124,-85,4,44.04357,-68.89221,4,0.064,1
"2026-06-22 13:00:00",315,13.67,20.59,37,18.05,51,204,36594,1.3,0.75,7919,227333,-1,0,315,27488,1163,36214,-81,13,44.04357,-68.89221,4,0.065,1
"2026-06-22 14:00:00",316,13.68,19.95,37,50.96,51,204,36594,1.3,0.75,7919,228053,-1,0,316,27488,1258,36309,-77,13,44.04357,-68.89221,4,0.065,1
"2026-06-22 15:00:00",317,13.7,19.03,37,24.01,31,204,36594,1.3,0.75,7919,228773,-1,0,317,27488,1345,36396,-87,4,44.04357,-68.89221,4,0.065,1
"2026-06-22 16:00:00",318,13.69,18.37,37,31.03,51,204,36594,1.3,0.75,7919,229493,-1,0,318,27488,1437,36489,-83,4,44.04357,-68.89221,4,0.065,1
"2026-06-22 17:00:00",319,13.73,17.93,37,50.98,51,204,36594,1.3,0.75,7919,230213,-1,0,319,27488,1523,36575,-79,4,"NAN","NAN",4,0.065,1
"2026-06-22 18:00:00",320,13.72,16.78,37,37.02,53,211,36594,1.3,0.75,7919,230933,-1,0,320,27488,1626,36679,-79,13,"NAN","NAN",4,0.065,1
"2026-06-22 19:00:00",321,13.55,16.28,38,53.07,106,204,36594,1.3,0.75,7919,231653,-1,0,321,27488,1701,36754,-77,13,44.04356,-68.89232,4,0.063,1
"2026-06-22 20:00:00",322,13.36,16.34,38,106,107,204,36594,1.3,0.75,7919,232373,-1,0,322,27488,1785,36839,-81,4,"NAN","NAN",4,0.063,1
"2026-06-22 21:00:00",323,13.25,15.75,38,107.1,148,204,36594,1.3,0.75,7919,233093,-1,0,323,27488,1884,36939,-81,4,44.04359,-68.89225,4,0.058,1
"2026-06-22 22:00:00",324,13.22,15.86,38,148,148,204,36594,1.3,0.75,7919,233813,-1,0,324,27488,1981,37036,-83,4,44.04354,-68.89223,4,0.058,1
"2026-06-22 23:00:00",325,13.21,15.21,38,134,147,204,36594,1.3,0.75,7919,234533,-1,0,325,27488,2069,37125,-75,13,44.04354,-68.89223,4,0.058,1
"2026-06-23 00:00:00",326,13.22,16.37,39,147,148,211,36594,1.3,0.75,7919,235253,-1,0,326,27488,0,37212,-81,4,"NAN","NAN",4,0.058,1
"2026-06-23 01:00:00",327,13.21,15.39,39,148,156,204,36594,1.3,0.75,7919,235973,-1,0,327,27488,90.8,37304,-87,4,"NAN","NAN",4,0.055,1
"2026-06-23 02:00:00",328,13.19,15.54,39,156,164,204,36594,1.3,0.75,7919,236693,-1,0,328,27488,175.7,37389,-87,4,44.04359,-68.89226,4,0.055,1
"2026-06-23 03:00:00",329,13.2,15.59,39,164,164,204,36594,1.3,0.75,7919,237413,-1,0,329,27488,262.8,37477,-89,4,44.04353,-68.89227,4,0.049,1
"2026-06-23 04:00:00",330,13.2,15.19,39,160,160,204,36594,1.3,0.75,7919,238133,-1,0,330,27488,346.2,37561,-91,4,44.04354,-68.89233,4,0.049,1
"2026-06-23 05:00:00",331,13.2,15.42,39,152,152,204,36594,1.3,0.75,7919,238853,-1,0,331,27488,421.9,37638,-83,4,44.04354,-68.89233,4,0.049,1
"2026-06-23 06:00:00",332,13.21,14.91,39,128,137,211,36594,1.3,0.75,7919,239573,-1,0,332,27488,506.4,37723,-89,4,44.04354,-68.89235,5,0.015,1
"2026-06-23 07:00:00",333,13.19,14.74,38,137,139,211,36594,1.3,0.75,7919,240293,-1,0,333,27488,589.4,37807,-91,4,44.04354,-68.89235,5,0.015,1
"2026-06-23 08:00:00",334,13.2,14.89,38,139,139,204,36594,1.3,0.75,7919,241013,-1,0,334,27488,668,37886,-77,4,44.04354,-68.89235,5,-0.013,1
"2026-06-23 09:00:00",335,13.27,15.08,38,107,107,204,36594,1.3,0.75,7919,241733,-1,0,335,27488,747.8,37967,-79,13,44.04354,-68.89235,5,-0.013,1
"2026-06-23 10:00:00",336,13.31,16.81,39,91,91,211,36594,1.3,0.75,7919,242453,-1,0,336,27488,830,38049,-77,13,44.04349,-68.89271,4,-0.024,1
"2026-06-23 11:00:00",337,13.32,16.65,38,89,90,204,36594,1.3,0.75,7919,243173,-1,0,337,27488,926,38146,-79,13,44.04359,-68.89233,4,-0.024,1
"2026-06-23 12:00:00",338,13.48,17.78,37,89.8,90,204,36594,1.3,0.75,7919,243893,-1,0,338,27488,1016,38237,-85,4,44.0436,-68.89228,4,-0.024,1
"2026-06-23 13:00:00",339,13.53,18.51,37,-33.08,-33,204,36594,1.3,0.75,7919,244613,-1,0,339,27488,1108,38329,-75,13,44.04359,-68.8923,4,-0.024,1
"2026-06-23 14:00:00",340,13.56,20.8,37,-88,-88,211,36594,1.3,0.75,7919,245333,-1,0,340,27488,1200,38423,-87,4,44.04361,-68.89236,4,-0.023,1
"2026-06-23 15:00:00",341,13.69,21.9,37,-94.8,39,211,36594,1.3,0.75,7919,246053,-1,0,341,27488,1298,38521,-83,4,44.04361,-68.89249,4,-0.023,1
"2026-06-23 16:00:00",342,13.68,21.37,37,39,42,204,36594,1.3,0.75,7919,246773,-1,0,342,27488,1388,38612,-79,13,44.04357,-68.8923,4,-0.023,1
"2026-06-23 17:00:00",343,13.68,21.41,37,41.98,42,204,36594,1.3,0.75,7919,247493,-1,0,343,27488,1468,38693,-81,4,44.04357,-68.8923,4,-0.023,1
"2026-06-23 18:00:00",344,13.68,21.56,37,31.02,45,204,36594,1.3,0.75,7919,248213,-1,0,344,27488,1549,38775,-91,4,44.0436,-68.89233,4,-0.024,1
"2026-06-23 19:00:00",345,13.61,19.95,37,45.17,167,204,36594,1.3,0.75,7919,248933,-1,0,345,27488,1636,38862,-75,13,44.04358,-68.89226,4,-0.024,1
"2026-06-23 20:00:00",346,13.43,17.93,37,167,167,204,36594,1.3,0.75,7919,249653,-1,0,346,27488,1730,38957,-83,4,"NAN","NAN",4,-0.032,1
"2026-06-23 21:00:00",347,13.26,16.3,38,140,168,204,36594,1.3,0.75,7919,250373,-1,0,347,27488,1813,39041,-89,4,44.04347,-68.89236,5,-0.032,1
"2026-06-23 22:00:00",348,13.19,15.9,38,168,176,204,36594,1.3,0.75,7919,251093,-1,0,348,27488,1900,39129,-81,13,44.04356,-68.89221,4,-0.034,1
"2026-06-23 23:00:00",349,13.22,15.44,38,175.9,176,204,36594,1.3,0.75,7919,251813,-1,0,349,27488,2000,39229,-73,4,44.04356,-68.89221,4,-0.035,1
"2026-06-24 00:00:00",350,13.17,15.65,38,110,140,211,36594,1.3,0.75,7919,252533,-1,0,350,27488,0.209,39316,-85,4,44.04356,-68.89226,5,-0.036,1
"2026-06-24 01:00:00",351,13.22,15.29,38,139.9,140,204,36594,1.3,0.75,7919,253253,-1,0,351,27488,85.9,39402,-85,4,"NAN","NAN",4,-0.036,1
"2026-06-24 02:00:00",352,13.21,15.39,38,102,110,204,36594,1.3,0.75,7919,253973,-1,0,352,27488,173.3,39491,-87,4,44.04364,-68.89221,5,-0.042,1
"2026-06-24 03:00:00",353,13.21,15.8,38,110,110,204,36594,1.3,0.75,7919,254693,-1,0,353,27488,264,39583,-87,4,44.04359,-68.8923,4,-0.042,1
"2026-06-24 04:00:00",354,13.13,15.33,38,97.1,141,204,36594,1.3,0.75,7919,255413,-1,0,354,27488,353.2,39674,-85,4,44.04351,-68.8923,4,-0.042,1
"2026-06-24 05:00:00",355,13.19,14.85,38,141,155,204,36594,1.3,0.75,7919,256133,-1,0,355,27488,438.1,39761,-85,4,44.04362,-68.89235,5,-0.042,1
"2026-06-24 06:00:00",356,13.43,15.53,38,154.7,155,205,36594,1.3,0.75,7919,256853,-1,0,356,27488,516.1,39840,-79,13,44.04359,-68.8923,5,-0.047,1
"2026-06-24 07:00:00",357,13.52,19.46,38,-82,-57,212,36594,1.3,0.75,7919,257573,-1,0,357,27488,598.1,39924,-89,4,44.04356,-68.89228,5,-0.047,1
"2026-06-24 08:00:00",358,13.61,22.08,37,-57.11,-57,204,36594,1.3,0.75,7919,258293,-1,0,358,27488,681.7,40009,-79,4,44.04358,-68.89223,4,-0.047,1
"2026-06-24 09:00:00",359,13.64,23.89,37,-138.7,96,204,36594,1.3,0.75,7919,259013,-1,0,359,27488,765.6,40095,-75,13,"NAN","NAN",4,-0.047,1
"2026-06-24 10:00:00",360,13.6,26.15,35,96,96,204,36594,1.3,0.75,7919,259733,-1,0,360,27488,844,40174,-79,4,44.04354,-68.89225,4,-0.037,1
"2026-06-24 11:00:00",361,13.59,26.9,34,76,76,211,36594,1.3,0.75,7919,260453,-1,0,361,27488,932,40264,-87,4,44.04353,-68.89218,4,-0.027,1
"2026-06-24 12:00:00",362,13.57,25.51,35,73,73,204,36594,1.3,0.75,7919,261173,-1,0,362,27488,1019,40353,-77,13,44.04356,-68.89222,5,-0.026,1
"2026-06-24 13:00:00",363,13.61,23.95,36,72,74,211,36594,1.3,0.75,7919,261893,-1,0,363,27488,1100,40435,-81,4,44.04359,-68.89221,4,-0.024,1
"2026-06-24 14:00:00",364,13.62,23.73,36,74.01,80,205,36594,1.3,0.75,7919,262613,-1,0,364,27488,1185,40522,-79,4,"NAN","NAN",4,-0.024,1
"2026-06-24 15:00:00",365,13.62,23.16,36,80,83,204,36594,1.3,0.75,7919,263333,-1,0,365,27488,1267,40605,-85,4,44.04359,-68.89225,5,-0.024,1
"2026-06-24 16:00:00",366,13.64,23.17,36,83,83,204,36594,1.3,0.75,7919,264053,-1,0,366,27488,1353,40694,-83,4,44.04354,-68.8923,4,-0.024,1
"2026-06-24 17:00:00",367,13.63,21.19,36,62.04,88,211,36594,1.3,0.75,7919,264773,-1,0,367,27488,1428,40770,-83,4,44.04356,-68.89228,4,-0.024,1
"2026-06-24 18:00:00",368,13.66,20.89,36,88,88,204,36594,1.3,0.75,7919,265493,-1,0,368,27488,1517,40861,-75,13,44.04356,-68.89228,4,-0.024,1
"2026-06-24 19:00:00",369,13.7,21.21,36,83,83,204,36594,1.3,0.75,7919,266213,-1,0,369,27488,1612,40958,-77,4,44.04356,-68.89228,4,-0.014,1
"2026-06-24 20:00:00",370,13.58,18.81,37,62.13,156,204,36594,1.3,0.75,7919,266933,-1,0,370,27488,1734,41082,-79,4,44.04356,-68.89228,4,-0.014,1
"2026-06-24 21:00:00",371,13.36,17,38,156,156,204,36594,1.3,0.75,7919,267653,-1,0,371,27488,1845,41194,-79,13,44.04354,-68.89221,5,-0.014,1
"2026-06-24 22:00:00",372,13.25,16.57,38,155,155,204,36594,1.3,0.75,7919,268373,-1,0,372,27488,1933,41284,-83,13,44.04356,-68.89224,4,-0.014,1
"2026-06-24 23:00:00",373,13.22,16.7,38,146,146,204,36594,1.3,0.75,7919,269093,-1,0,373,27488,2029,41382,-83,4,44.04356,-68.89221,5,-0.014,1
"2026-06-25 00:00:00",374,13.22,16.5,39,142,142,211,36594,1.3,0.75,7919,269813,-1,0,374,27488,0.066,41477,-77,13,44.04361,-68.89222,4,-0.014,1
"2026-06-25 01:00:00",375,13.22,16.31,38,134,134,204,36594,1.3,0.75,7919,270533,-1,0,375,27488,89,41568,-83,4,44.04363,-68.89207,5,-0.011,1
"2026-06-25 02:00:00",376,13.2,15.86,39,115,146,211,36594,1.3,0.75,7919,271253,-1,0,376,27488,176.6,41657,-79,13,44.04357,-68.89225,4,-0.006,1
"2026-06-25 03:00:00",377,13.21,15.98,39,146,146,204,36594,1.3,0.75,7919,271973,-1,0,377,27488,267.1,41750,-77,13,"NAN","NAN",4,-0.004,1
"2026-06-25 04:00:00",378,13.21,16.38,38,120,120,211,36594,1.3,0.75,7919,272693,-1,0,378,27488,408.2,41893,-83,4,"NAN","NAN",4,-0.004,1
"2026-06-25 05:00:00",379,13.19,15.6,38,105,137,204,36594,1.3,0.75,7919,273413,-1,0,379,27488,493.1,41979,-81,4,44.04356,-68.8923,4,0,1
"2026-06-25 06:00:00",380,13.31,16.46,38,136.8,137,205,36594,1.3,0.75,7919,274133,-1,0,380,27488,579.2,42067,-83,4,44.04356,-68.89236,4,0.002,1
"2026-06-25 07:00:00",381,13.39,20.22,37,21.26,211,204,36594,1.3,0.75,7919,274853,-1,0,381,27488,673.9,42164,-79,13,44.04357,-68.89229,5,0.01,1
"2026-06-25 08:00:00",382,13.54,22.38,36,210.6,211,204,36594,1.3,0.75,7919,275573,-1,0,382,27488,763.5,42255,-85,4,44.04357,-68.89225,4,0.01,1
"2026-06-25 09:00:00",383,13.64,24.76,35,-82.8,49,204,36594,1.3,0.75,7919,276293,-1,0,383,27488,861,42355,-77,13,44.04356,-68.89222,4,0.032,1
"2026-06-25 10:00:00",384,13.59,26.53,36,49.07,101,204,36594,1.3,0.75,7919,277013,-1,0,384,27488,943,42438,-83,4,44.04356,-68.89227,4,0.046,1
"2026-06-25 11:00:00",385,13.57,26.33,34,101,101,204,36594,1.3,0.75,7919,277733,-1,0,385,27488,1031,42528,-77,4,44.04354,-68.89226,4,0.049,1
"2026-06-25 12:00:00",386,13.57,26.21,35,79.99,80,204,36594,1.3,0.75,7919,278453,-1,0,386,27488,1126,42625,-77,4,44.04354,-68.89222,4,0.049,1
"2026-06-25 13:00:00",387,13.55,25.08,36,76.03,97,204,36594,1.3,0.75,7919,279173,-1,0,387,27488,1223,42724,-83,4,44.04354,-68.89221,4,0.058,1
"2026-06-25 14:00:00",388,13.61,23.41,36,97,97,204,36594,1.3,0.75,7919,279893,-1,0,388,27488,1313,42816,-81,4,44.04354,-68.89221,4,0.058,1
"2026-06-25 15:00:00",389,13.6,22.71,36,86,86,204,36594,1.3,0.75,7919,280613,-1,0,389,27488,1403,42907,-81,4,44.04356,-68.89225,4,0.067,1
"2026-06-25 16:00:00",390,13.61,23.54,36,59.05,95,204,36594,1.3,0.75,7919,281333,-1,0,390,27488,1492,42998,-81,4,44.04361,-68.89227,5,0.067,1
"2026-06-25 17:00:00",391,13.65,22.77,36,95,95,204,36594,1.3,0.75,7919,282053,-1,0,391,27488,1662,43171,-83,4,44.04362,-68.89224,4,0.068,1
"2026-06-25 18:00:00",392,13.65,21.14,37,67.95,68,204,36594,1.3,0.75,7919,282773,-1,0,392,27488,1753,43264,-85,4,44.04353,-68.8923,4,0.068,1
"2026-06-25 19:00:00",393,13.65,20.84,37,35.05,69,204,36594,1.3,0.75,7919,283493,-1,0,393,27488,1837,43350,-77,13,44.04359,-68.89229,4,0.068,1
"2026-06-25 20:00:00",394,13.51,18.08,38,69.03,94,205,36594,1.3,0.75,7919,284213,-1,0,394,27488,1935,43450,-79,13,44.04356,-68.89225,4,0.068,1
"2026-06-25 21:00:00",395,13.3,16.91,38,94.1,190,204,36594,1.3,0.75,7919,284933,-1,0,395,27488,2053,43570,-85,4,44.04354,-68.89229,4,0.061,1
"2026-06-25 22:00:00",396,13.22,16.25,38,190,190,204,36594,1.3,0.75,7919,285653,-1,0,396,27488,2159,43677,-87,4,44.04356,-68.89223,5,0.061,1
"2026-06-25 23:00:00",397,13.22,16,38,173,173,212,36594,1.3,0.75,7919,286373,-1,0,397,27488,2254,43774,-87,4,44.04353,-68.89223,4,0.061,1
"2026-06-26 00:00:00",398,13.22,15.79,39,144,144,204,36594,1.3,0.75,7919,287093,-1,0,398,27488,0,43878,-87,4,44.04362,-68.8922,4,0.061,1
"2026-06-26 01:00:00",399,13.2,16.1,39,121,153,204,36594,1.3,0.75,7919,287813,-1,0,399,27488,88.9,43968,-77,13,44.04371,-68.89208,4,0.06,1
"2026-06-26 02:00:00",400,13.21,15.88,39,153,153,204,36594,1.3,0.75,7919,288533,-1,0,400,27488,177.9,44059,-77,13,44.04353,-68.8922,4,0.06,1
"2026-06-26 03:00:00",401,13.21,15.87,39,140,140,211,36594,1.3,0.75,7919,289253,-1,0,401,27488,275,44158,-77,13,44.04356,-68.89228,4,0.056,1
"2026-06-26 04:00:00",402,13.22,16.07,39,131,131,204,36594,1.3,0.75,7919,289973,-1,0,402,27488,358.7,44244,-75,13,44.04356,-68.89229,4,0.055,1
"2026-06-26 05:00:00",403,13.21,16.03,39,130,147,204,36594,1.3,0.75,7919,290693,-1,0,403,27488,457,44344,-83,4,44.04356,-68.89225,4,0.055,1
"2026-06-26 06:00:00",404,13.21,16.29,38,146.9,147,210,36594,1.3,0.75,7919,291413,-1,0,404,27488,548.1,44437,-77,13,44.04361,-68.89233,5,0.055,1
"2026-06-26 07:00:00",405,13.2,16.01,38,93.1,149,204,36594,1.3,0.75,7919,292133,-1,0,405,27488,628.2,44518,-87,4,44.04359,-68.89233,4,0.055,1
"2026-06-26 08:00:00",406,13.27,16.12,38,148.9,149,204,36594,1.3,0.75,7919,292853,-1,0,406,27488,715.8,44608,-71,13,44.04356,-68.89225,4,0.055,1
"2026-06-26 09:00:00",407,13.3,16.74,39,77.02,91,204,36594,1.3,0.75,7919,293573,-1,0,407,27488,794,44687,-77,13,44.04357,-68.89227,4,0.056,1
"2026-06-26 10:00:00",408,13.27,16.31,38,91,114,204,36594,1.3,0.75,7919,294293,-1,0,408,27488,871,44765,-83,4,44.0435,-68.8923,5,0.057,1
"2026-06-26 11:00:00",409,13.34,17.04,38,113.9,114,204,36594,1.3,0.75,7919,295013,-1,0,409,27488,955,44852,-81,4,44.04359,-68.89228,5,0.057,1
"2026-06-26 12:00:00",410,13.34,17.45,38,70.06,114,204,36594,1.3,0.75,7919,295733,-1,0,410,27488,1044,44942,-85,4,44.04356,-68.89224,4,0.057,1
"2026-06-26 13:00:00",411,13.48,18.32,38,113.8,114,204,36594,1.3,0.75,7919,296453,-1,0,411,27488,1131,45031,-83,4,44.04359,-68.89221,4,0.063,1
"2026-06-26 14:00:00",412,13.59,22.37,37,-19.07,-19,204,36594,1.3,0.75,7919,297173,-1,0,412,27488,1222,45124,-81,4,44.04359,-68.89221,4,0.063,1
"2026-06-26 15:00:00",413,13.67,21.89,37,-71.81,62,204,36594,1.3,0.75,7919,297893,-1,0,413,27488,1318,45221,-77,13,44.04361,-68.89229,5,0.064,1
"2026-06-26 16:00:00",414,13.7,19.79,38,62,62,211,36594,1.3,0.75,7919,298613,-1,0,414,27488,1421,45326,-81,13,44.04356,-68.89225,4,0.063,1
"2026-06-26 17:00:00",415,13.73,18.89,37,60.99,61,204,36594,1.3,0.75,7919,299333,-1,0,415,27488,1506,45413,-75,13,44.04353,-68.89228,5,0.063,1
"2026-06-26 18:00:00",416,13.69,18.2,37,53.11,131,205,36594,1.3,0.75,7919,300053,-1,0,416,27488,1595,45503,-81,4,44.04363,-68.89233,4,0.049,1
"2026-06-26 19:00:00",417,13.59,17.04,38,130.9,131,205,36594,1.3,0.75,7919,300773,-1,0,417,27488,1717,45627,-83,4,44.04359,-68.89224,4,0.049,1
"2026-06-26 20:00:00",418,13.45,16.19,39,88,94,204,36594,1.3,0.75,7919,301493,-1,0,418,27488,1803,45715,-85,4,44.04369,-68.8922,4,0.046,1
"2026-06-26 21:00:00",419,13.27,15.74,39,94.1,169,204,36594,1.3,0.75,7919,302213,-1,0,419,27488,1906,45820,-91,4,44.04361,-68.89221,4,0.046,1
"2026-06-26 22:00:00",420,13.23,15.46,39,168.9,169,204,36594,1.3,0.75,7919,302933,-1,0,420,27488,1995,45911,-77,13,44.04361,-68.89224,5,0.037,1
"2026-06-26 23:00:00",421,13.18,15.99,38,115.1,178,204,36594,1.3,0.75,7919,303653,-1,0,421,27488,2093,46011,-83,4,44.04357,-68.89213,4,0.037,1
"2026-06-27 00:00:00",422,13.2,15.43,39,178,178,204,36594,1.3,0.75,7919,304373,-1,0,422,27488,0,46109,-75,13,44.04359,-68.8922,4,0.036,1
"2026-06-27 01:00:00",423,13.22,15.46,39,170.9,171,204,36594,1.3,0.75,7919,305093,-1,0,423,27488,95.6,46207,-81,13,44.0436,-68.89217,6,0.036,1
"2026-06-27 02:00:00",424,13.21,15.54,39,134,134,211,36594,1.3,0.75,7919,305813,-1,0,424,27488,192.3,46306,-81,13,44.04358,-68.89225,4,0.036,1
"2026-06-27 03:00:00",425,13.21,15.5,39,106,112,204,36594,1.3,0.75,7919,306533,-1,0,425,27488,287.8,46403,-91,4,44.04356,-68.89223,6,0.036,1
"2026-06-27 04:00:00",426,13.18,16.04,38,112,143,211,36594,1.3,0.75,7919,307253,-1,0,426,27488,379.7,46497,-79,13,44.04356,-68.89223,4,0.037,1
"2026-06-27 05:00:00",427,13.21,15.82,39,142.9,143,204,36594,1.3,0.75,7919,307973,-1,0,427,27488,475.4,46594,-87,4,44.04343,-68.89227,5,0.037,1
"2026-06-27 06:00:00",428,13.21,15.65,39,102.1,152,205,36594,1.3,0.75,7919,308693,-1,0,428,27488,563.8,46685,-89,4,44.04356,-68.89226,4,0.038,1
"2026-06-27 07:00:00",429,13.29,16.9,38,151.9,152,204,36594,1.3,0.75,7919,309413,-1,0,429,27488,666.2,46789,-81,4,44.04358,-68.89233,4,0.038,1
"2026-06-27 08:00:00",430,13.36,16.71,38,85,85,204,36594,1.3,0.75,7919,310133,-1,0,430,27488,761.3,46886,-79,13,44.04359,-68.89232,4,0.04,1
"2026-06-27 09:00:00",431,13.43,18.28,37,69.94,70,204,36594,1.3,0.75,7919,310853,-1,0,431,27488,858,46985,-81,4,44.04359,-68.89227,4,0.044,1
"2026-06-27 10:00:00",432,13.45,19.11,37,27.98,28,204,36594,1.3,0.75,7919,311573,-1,0,432,27488,963,47091,-87,4,44.04356,-68.89225,5,0.045,1
"2026-06-27 11:00:00",433,13.69,21.67,37,17,19,204,36594,1.3,0.75,7919,312293,-1,0,433,27488,1056,47186,-75,13,44.04356,-68.89225,5,0.051,1
"2026-06-27 12:00:00",434,13.69,22.6,37,19.11,98,204,36594,1.3,0.75,7919,313013,-1,0,434,27488,1208,47341,-83,4,44.04353,-68.89251,4,0.051,1
"2026-06-27 13:00:00",435,13.65,23.39,37,98,98,204,36594,1.3,0.75,7919,313733,-1,0,435,27488,1305,47439,-87,4,44.04354,-68.89221,4,0.053,1
"2026-06-27 14:00:00",436,13.64,22.86,38,80,98,205,36594,1.3,0.75,7919,314453,-1,0,436,27488,1402,47539,-85,4,44.04354,-68.89221,4,0.062,1
"2026-06-27 15:00:00",437,13.65,23.35,37,98,98,204,36594,1.3,0.75,7919,315173,-1,0,437,27488,1497,47636,-83,4,44.04359,-68.8923,5,0.062,1
"2026-06-27 16:00:00",438,13.65,22.04,38,73.98,74,204,36594,1.3,0.75,7919,315893,-1,0,438,27488,1585,47725,-85,4,44.04357,-68.89223,4,0.062,1
"2026-06-27 17:00:00",439,13.65,20.71,38,58.01,66,211,36594,1.3,0.75,7919,316613,-1,0,439,27488,1673,47815,-81,13,"NAN","NAN",4,0.062,1
"2026-06-27 18:00:00",440,13.66,19.96,37,66.03,91,204,36594,1.3,0.75,7919,317333,-1,0,440,27488,1766,47909,-87,4,44.04369,-68.89244,4,0.062,1
"2026-06-27 19:00:00",441,13.68,18.73,38,91,91,204,36594,1.3,0.75,7919,318053,-1,0,441,27488,1857,48002,-79,13,44.0436,-68.89227,4,0.047,1
"2026-06-27 20:00:00",442,13.49,16.9,38,82.1,141,205,36594,1.3,0.75,7919,318773,-1,0,442,27488,1948,48096,-85,4,44.04358,-68.89227,4,0.047,1
"2026-06-27 21:00:00",443,13.3,15.28,38,141,149,204,36594,1.3,0.75,7919,319493,-1,0,443,27488,2041,48190,-87,4,44.04354,-68.89241,4,0.04,1
"2026-06-27 22:00:00",444,13.23,15.12,38,149,149,204,36594,1.3,0.75,7919,320213,-1,0,444,27488,2137,48288,-79,4,44.04354,-68.89241,4,0.04,1
"2026-06-27 23:00:00",445,13.14,14.99,39,135.3,336,211,36594,1.3,0.75,7919,320933,-1,0,445,27488,2234,48387,-89,4,44.04354,-68.89241,4,0.036,1
"2026-06-28 00:00:00",446,13.21,14.98,39,335.7,336,204,36594,1.3,0.75,7919,321653,-1,0,446,27488,0.065,48487,-89,4,44.04354,-68.89241,4,0.036,1
"2026-06-28 01:00:00",447,13.21,14.79,39,141,149,204,36594,1.3,0.75,7919,322373,-1,0,447,27488,104.7,48594,-85,4,44.04354,-68.89223,5,0.036,1
"2026-06-28 02:00:00",448,13.18,15.28,39,149,184,204,36594,1.3,0.75,7919,323093,-1,0,448,27488,209.7,48701,-85,4,44.04354,-68.8922,6,0.036,1
"2026-06-28 03:00:00",449,13.2,15.22,39,184.1,230,204,36594,1.3,0.75,7919,323813,-1,0,449,27488,306.2,48799,-83,4,44.04361,-68.89228,4,0.027,1
"2026-06-28 04:00:00",450,13.19,15.37,39,229.9,230,204,36594,1.3,0.75,7919,324533,-1,0,450,27488,398.1,48892,-75,13,44.04361,-68.89228,4,0.027,1
"2026-06-28 05:00:00",451,13.16,15.73,39,134,144,204,36594,1.3,0.75,7919,325253,-1,0,451,27488,487.5,48983,-83,4,44.04354,-68.89226,4,0.027,1
"2026-06-28 06:00:00",452,13.44,17.77,39,143.7,144,204,36594,1.3,0.75,7919,325973,-1,0,452,27488,576.7,49073,-83,4,44.04354,-68.89237,4,0.027,1
"2026-06-28 07:00:00",453,13.43,21.28,37,-85.9,15,204,36594,1.3,0.75,7919,326693,-1,0,453,27488,665.9,49164,-79,13,44.04359,-68.89227,7,0.027,1
"2026-06-28 08:00:00",454,13.52,23.34,37,15,15,204,36594,1.3,0.75,7919,327413,-1,0,454,27488,766.2,49265,-83,4,44.04356,-68.8923,4,0.028,1
"2026-06-28 09:00:00",455,13.62,22.49,37,13.08,71,211,36594,1.3,0.75,7919,328133,-1,0,455,27488,855,49356,-81,4,44.0436,-68.89229,5,0.03,1
"2026-06-28 10:00:00",456,13.64,23.46,36,71.02,86,204,36594,1.3,0.75,7919,328853,-1,0,456,27488,937,49439,-77,13,44.04359,-68.89226,4,0.048,1
"2026-06-28 11:00:00",457,13.59,24.61,34,86,86,205,36594,1.3,0.75,7919,329573,-1,0,457,27488,1019,49522,-79,13,44.04351,-68.89205,4,0.048,1
"2026-06-28 12:00:00",458,13.65,22.91,36,77.98,78,204,36594,1.3,0.75,7919,330293,-1,0,458,27488,1112,49616,-83,4,44.04358,-68.89226,4,0.048,1
"2026-06-28 13:00:00",459,13.68,22.21,36,60.01,66,204,36594,1.3,0.75,7919,331013,-1,0,459,27488,1202,49708,-83,4,44.04356,-68.89223,5,0.042,1
"2026-06-28 14:00:00",460,13.65,23.5,37,66.03,91,212,36594,1.3,0.75,7919,331733,-1,0,460,27488,1287,49795,-87,4,44.04356,-68.89223,5,0.042,1
"2026-06-28 15:00:00",461,13.65,24.58,37,91,91,204,36594,1.3,0.75,7919,332453,-1,0,461,27488,1367,49875,-85,4,44.04358,-68.8922,4,0.041,1
"2026-06-28 16:00:00",462,13.62,23.98,36,73,74,204,36594,1.3,0.75,7919,333173,-1,0,462,27488,1451,49960,-83,4,44.04356,-68.8922,4,0.041,1
"2026-06-28 17:00:00",463,13.62,23.41,37,74.02,89,204,36594,1.3,0.75,7919,333893,-1,0,463,27488,1528,50039,-87,4,44.04354,-68.89227,4,0.039,1
"2026-06-28 18:00:00",464,13.61,22.74,37,89,97,211,36594,1.3,0.75,7919,334613,-1,0,464,27488,1615,50128,-83,4,44.04359,-68.89222,4,0.036,1
"2026-06-28 19:00:00",465,13.56,19.51,38,97,116,204,36594,1.3,0.75,7919,335333,-1,0,465,27488,1703,50218,-81,4,44.04356,-68.89232,4,0.032,1
"2026-06-28 20:00:00",466,13.62,18.96,38,116,116,211,36594,1.3,0.75,7919,336053,-1,0,466,27488,1792,50308,-81,4,44.04359,-68.89233,5,0.032,1
"2026-06-28 21:00:00",467,13.36,17.31,39,93.1,140,204,36594,1.3,0.75,7919,336773,-1,0,467,27488,1884,50403,-81,4,44.04361,-68.89237,5,0.021,1
"2026-06-28 22:00:00",468,13.26,17.06,39,140,140,204,36594,1.3,0.75,7919,337493,-1,0,468,27488,1970,50490,-71,13,44.04361,-68.89237,5,0.021,1
"2026-06-28 23:00:00",469,13.23,16.9,39,135,149,204,36594,1.3,0.75,7919,338213,-1,0,469,27488,2059,50580,-85,4,"NAN","NAN",4,0.019,1
"2026-06-29 00:00:00",470,13.23,16.35,39,149,149,204,36594,1.3,0.75,7919,338933,-1,0,470,27488,0,50664,-83,4,44.04356,-68.89222,4,0.019,1
"2026-06-29 01:00:00",471,13.22,16.5,39,142,142,204,36594,1.3,0.75,7919,339653,-1,0,471,27488,89.7,50756,-73,13,44.04358,-68.89223,4,0.019,1
"2026-06-29 02:00:00",472,13.21,16.15,39,136,146,204,36594,1.3,0.75,7919,340373,-1,0,472,27488,178.8,50846,-83,4,44.04353,-68.89223,5,0.019,1
"2026-06-29 03:00:00",473,13.22,16.34,39,146,146,204,36594,1.3,0.75,7919,341093,-1,0,473,27488,258.5,50927,-87,4,44.04363,-68.89234,4,0.019,1
"2026-06-29 04:00:00",474,13.22,15.82,39,138,138,211,36594,1.3,0.75,7919,341813,-1,0,474,27488,343.9,51014,-89,4,44.04354,-68.89222,5,0.019,1
"2026-06-29 05:00:00",475,13.21,15.51,39,102,106,204,36594,1.3,0.75,7919,342533,-1,0,475,27488,436.4,51108,-87,4,44.04347,-68.89224,4,0.024,1
"2026-06-29 06:00:00",476,13.48,18.88,39,105.8,106,204,36594,1.3,0.75,7919,343253,-1,0,476,27488,529.4,51202,-89,4,44.04356,-68.89227,4,0.024,1
"2026-06-29 07:00:00",477,13.45,20.62,39,-51.96,-22,211,36594,1.3,0.75,7919,343973,-1,0,477,27488,622.3,51296,-89,4,44.04354,-68.89228,4,0.033,1
"2026-06-29 08:00:00",478,13.72,22.46,39,-21.89,57,204,36594,1.3,0.75,7919,344693,-1,0,478,27488,713.1,51389,-89,4,44.04354,-68.89231,4,0.045,1
"2026-06-29 09:00:00",479,13.64,24.22,38,56.99,57,211,36594,1.3,0.75,7919,345413,-1,0,479,27488,807,51483,-79,4,44.04356,-68.89231,4,0.061,1
"2026-06-29 10:00:00",480,13.59,25.68,38,47.06,87,205,36594,1.3,0.75,7919,346133,-1,0,480,27488,901,51579,-87,4,"NAN","NAN",4,0.061,1
"2026-06-29 11:00:00",481,13.56,26.83,37,87,87,204,36594,1.3,0.75,7919,346853,-1,0,481,27488,991,51670,-81,4,44.04358,-68.89233,4,0.068,1
"2026-06-29 12:00:00",482,13.57,25.99,37,67.99,68,204,36594,1.3,0.75,7919,347573,-1,0,482,27488,1099,51780,-81,4,44.04354,-68.89222,4,0.072,1
"2026-06-29 13:00:00",483,13.57,25.34,38,58.02,75,204,36594,1.3,0.75,7919,348293,-1,0,483,27488,1195,51877,-79,4,44.04359,-68.89223,4,0.073,1
"2026-06-29 14:00:00",484,13.57,25.68,38,75,77,204,36594,1.3,0.75,7919,349013,-1,0,484,27488,1285,51969,-93,4,44.04354,-68.89225,4,0.076,1
"2026-06-29 15:00:00",485,13.59,25.38,37,76.99,77,204,36594,1.3,0.75,7919,349733,-1,0,485,27488,1377,52062,-81,4,"NAN","NAN",4,0.077,1
"2026-06-29 16:00:00",486,13.58,24.85,37,70.03,89,205,36594,1.3,0.75,7919,350453,-1,0,486,27488,1475,52161,-85,4,44.04354,-68.89222,4,0.078,1
"2026-06-29 17:00:00",487,13.59,24.93,37,89,95,211,36594,1.3,0.75,7919,351173,-1,0,487,27488,1565,52252,-73,13,44.04357,-68.89225,5,0.08,1
"2026-06-29 18:00:00",488,13.61,23.27,37,94.9,95,205,36594,1.3,0.75,7919,351893,-1,0,488,27488,1663,52352,-79,4,44.04362,-68.8923,4,0.081,1
"2026-06-29 19:00:00",489,13.62,23.42,38,43.03,64,204,36594,1.3,0.75,7919,352613,-1,0,489,27488,1761,52451,-85,4,44.04361,-68.89226,4,0.081,1
"2026-06-29 20:00:00",490,13.57,20.19,38,64.12,151,211,36594,1.3,0.75,7919,353333,-1,0,490,27488,1857,52549,-85,4,44.04356,-68.89231,5,0.081,1
"2026-06-29 21:00:00",491,13.35,18.02,39,151,151,204,36594,1.3,0.75,7919,354053,-1,0,491,27488,1952,52645,-79,4,44.04359,-68.89226,4,0.066,1
"2026-06-29 22:00:00",492,13.26,16.59,39,137,137,204,36594,1.3,0.75,7919,354773,-1,0,492,27488,2035,52730,-75,13,44.04359,-68.89226,4,0.066,1
"2026-06-29 23:00:00",493,13.23,16.65,40,134,149,211,36594,1.3,0.75,7919,355493,-1,0,493,27488,2120,52816,-75,13,44.04356,-68.89225,4,0.066,1
"2026-06-30 00:00:00",494,13.22,16.74,39,149,149,211,36594,1.3,0.75,7919,356213,-1,0,494,27488,0.066,52915,-77,13,44.04359,-68.89223,4,0.066,1
"2026-06-30 01:00:00",495,13.2,16.52,39,127,150,210,36594,1.3,0.75,7919,356933,-1,0,495,27488,97.5,53014,-81,4,"NAN","NAN",4,0.066,1
"2026-06-30 02:00:00",496,13.2,16.22,39,150,150,204,36594,1.3,0.75,7919,357653,-1,0,496,27488,194.3,53112,-81,4,44.04356,-68.89227,6,0.057,1
"2026-06-30 03:00:00",497,13.22,16.15,40,150,150,204,36594,1.3,0.75,7919,358373,-1,0,497,27488,294.5,53214,-75,13,44.04356,-68.89227,6,0.057,1
"2026-06-30 04:00:00",498,13.21,16.11,40,132,132,204,36594,1.3,0.75,7919,359093,-1,0,498,27488,386.4,53307,-83,4,44.04356,-68.89219,4,0.054,1
"2026-06-30 05:00:00",499,13.22,15.88,40,124,124,212,36594,1.3,0.75,7919,359813,-1,0,499,27488,484.2,53406,-79,13,44.04356,-68.89219,4,0.054,1
"2026-06-30 06:00:00",500,13.32,17.43,39,122.9,123,212,36594,1.3,0.75,7919,360533,-1,0,500,27488,579.2,53503,-79,4,44.04351,-68.89222,4,0.054,1
"2026-06-30 07:00:00",501,13.44,19.02,39,52.89,53,204,36594,1.3,0.75,7919,361253,-1,0,501,27488,677.8,53603,-81,4,44.04352,-68.89226,5,0.054,1
"2026-06-30 08:00:00",502,13.49,20.63,39,-27.04,-27,204,36594,1.3,0.75,7919,361973,-1,0,502,27488,770.4,53697,-81,4,"NAN","NAN",4,0.066,1
"2026-06-30 09:00:00",503,13.67,22.44,39,-54.89,24,211,36594,1.3,0.75,7919,362693,-1,0,503,27488,862,53789,-81,4,44.04358,-68.8923,4,0.066,1
"2026-06-30 10:00:00",504,13.68,22.69,39,24.02,40,204,36594,1.3,0.75,7919,363413,-1,0,504,27488,947,53876,-79,4,44.04357,-68.89231,5,0.067,1
"2026-06-30 11:00:00",505,13.65,23.58,38,40.04,72,204,36594,1.3,0.75,7919,364133,-1,0,505,27488,1046,53977,-81,4,44.04358,-68.89228,4,0.067,1
"2026-06-30 12:00:00",506,13.68,22.13,38,72.02,84,204,36594,1.3,0.75,7919,364853,-1,0,506,27488,1148,54080,-83,4,44.04358,-68.89228,4,0.071,1
"2026-06-30 13:00:00",507,13.68,22.16,38,84,84,204,36594,1.3,0.75,7919,365573,-1,0,507,27488,1245,54179,-81,4,44.04363,-68.89221,4,0.071,1
"2026-06-30 14:00:00",508,13.68,22.05,37,78,78,212,36594,1.3,0.75,7919,366293,-1,0,508,27488,1343,54278,-81,4,44.04363,-68.89221,4,0.071,1
"2026-06-30 15:00:00",509,13.68,22.34,37,75.99,76,205,36594,1.3,0.75,7919,367013,-1,0,509,27488,1439,54374,-81,4,44.04358,-68.89219,4,0.071,1
"2026-06-30 16:00:00",510,13.68,22.71,38,68.01,77,204,36594,1.3,0.75,7919,367733,-1,0,510,27488,1523,54460,-87,4,44.04358,-68.8922,5,0.069,1
"2026-06-30 17:00:00",511,13.68,21.92,38,76.99,77,212,36594,1.3,0.75,7919,368453,-1,0,511,27488,1607,54545,-79,4,44.04356,-68.89222,5,0.069,1
"2026-06-30 18:00:00",512,13.68,21.83,39,68,68,205,36594,1.3,0.75,7919,369173,-1,0,512,27488,1700,54640,-87,4,44.04359,-68.89224,4,0.064,1
"2026-06-30 19:00:00",513,13.66,20.62,39,65.01,73,211,36594,1.3,0.75,7919,369893,-1,0,513,27488,1794,54736,-87,4,44.04359,-68.89226,4,0.064,1
"2026-06-30 20:00:00",514,13.45,18.73,39,73.05,110,204,36594,1.3,0.75,7919,370613,-1,0,514,27488,1890,54835,-85,4,44.04356,-68.89225,5,0.039,1
"2026-06-30 21:00:00",515,13.29,18.04,39,110,126,211,36594,1.3,0.75,7919,371333,-1,0,515,27488,2003,54950,-79,4,44.0436,-68.8923,4,0.039,1
"2026-06-30 22:00:00",516,13.21,18.06,39,126.1,195,205,36594,1.3,0.75,7919,372053,-1,0,516,27488,2113,55063,-79,13,44.04356,-68.89228,4,0.039,1
"2026-06-30 23:00:00",517,13.23,18.55,39,194.9,195,204,36594,1.3,0.75,7919,372773,-1,0,517,27488,2215,55166,-85,4,44.04357,-68.89227,4,0.039,1
"2026-07-01 00:00:00",518,13.23,17.66,39,136,143,204,36594,1.3,0.75,7919,373493,-1,0,518,27488,0,0,-81,4,44.04357,-68.89224,4,0.035,1
"2026-07-01 01:00:00",519,13.22,17.26,40,143,143,211,36594,1.3,0.75,7919,374213,-1,0,519,27488,104.6,104,-83,4,44.04356,-68.89222,4,0.035,1
"2026-07-01 02:00:00",520,13.22,16.71,40,124,124,204,36594,1.3,0.75,7919,374933,-1,0,520,27488,208.8,208,-75,13,44.04356,-68.89226,4,0.02,1
"2026-07-01 03:00:00",521,13.19,17.32,40,117.1,163,204,36594,1.3,0.75,7919,375653,-1,0,521,27488,312.8,312,-81,13,44.04356,-68.89226,4,0.009,1
"2026-07-01 04:00:00",522,13.22,18.26,40,163,163,204,36594,1.3,0.75,7919,376373,-1,0,522,27488,410.2,410,-75,13,44.04357,-68.89221,5,0.009,1
"2026-07-01 05:00:00",523,13.22,18.05,40,139,145,204,36594,1.3,0.75,7919,377093,-1,0,523,27488,502.8,502,-83,4,44.04359,-68.89222,5,0.009,1
"2026-07-01 06:00:00",524,13.24,18.17,39,144.9,145,204,36594,1.3,0.75,7919,377813,-1,0,524,27488,592.4,592,-91,4,44.04359,-68.89222,5,0.009,1
"2026-07-01 07:00:00",525,13.32,18.66,39,102.9,103,204,36594,1.3,0.75,7919,378533,-1,0,525,27488,690.6,690,-87,4,44.04359,-68.89222,5,0.006,1
"2026-07-01 08:00:00",526,13.47,20.88,39,51.84,52,204,36594,1.3,0.75,7919,379253,-1,0,526,27488,797.8,797,-79,4,44.04356,-68.89225,4,0.006,1
"2026-07-01 09:00:00",527,13.47,21.99,39,-62.96,-31,204,36594,1.3,0.75,7919,379973,-1,0,527,27488,887,887,-85,4,44.04364,-68.89231,5,0.006,1
"2026-07-01 10:00:00",528,13.61,24.61,38,-30.9,39,204,36594,1.3,0.75,7919,380693,-1,0,528,27488,971,970,-79,4,44.04359,-68.89231,4,0.01,1
"2026-07-01 11:00:00",529,13.62,25.22,39,39.02,54,212,36594,1.3,0.75,7919,381413,-1,0,529,27488,1060,1060,-85,4,44.04359,-68.89233,4,0.012,1
"2026-07-01 12:00:00",530,13.62,23.89,39,54.03,79,204,36594,1.3,0.75,7919,382133,-1,0,530,27488,1156,1156,-77,13,44.04357,-68.89227,4,0.016,1
"2026-07-01 13:00:00",531,13.61,24.33,37,78.99,79,204,36594,1.3,0.75,7919,382853,-1,0,531,27488,1257,1257,-85,4,44.04356,-68.8922,4,0.018,1
"2026-07-01 14:00:00",532,13.62,25.39,37,72,72,210,36594,1.3,0.75,7919,383573,-1,0,532,27488,1355,1355,-79,4,44.04356,-68.89227,4,0.018,1
"2026-07-01 15:00:00",533,13.6,25.57,38,72.03,95,212,36594,1.3,0.75,7919,384293,-1,0,533,27488,1443,1443,-81,4,44.04356,-68.89224,4,0.02,1
"2026-07-01 16:00:00",534,13.62,24.56,37,95,95,204,36594,1.3,0.75,7919,385013,-1,0,534,27488,1548,1548,-83,4,44.04356,-68.89222,4,0.02,1
"2026-07-01 17:00:00",535,13.62,23.77,38,66.01,74,204,36594,1.3,0.75,7919,385733,-1,0,535,27488,1635,1634,-81,4,44.04352,-68.89221,4,0.018,1
"2026-07-01 18:00:00",536,13.61,23.47,38,74.02,85,204,36594,1.3,0.75,7919,386453,-1,0,536,27488,1727,1727,-87,4,44.04354,-68.89219,4,0.018,1
"2026-07-01 19:00:00",537,13.61,22.35,38,85,85,204,36594,1.3,0.75,7919,387173,-1,0,537,27488,1819,1819,-77,4,44.04362,-68.89228,4,0.001,1
"2026-07-01 20:00:00",538,13.54,19.73,39,85.1,128,211,36594,1.3,0.75,7919,387893,-1,0,538,27488,1918,1918,-83,4,44.04362,-68.8924,4,0.001,1
"2026-07-01 21:00:00",539,13.33,19.61,39,128,131,211,36594,1.3,0.75,7919,388613,-1,0,539,27488,2016,2015,-83,4,44.04362,-68.8924,4,-0.002,1
"2026-07-01 22:00:00",540,13.25,18.84,40,131,131,204,36594,1.3,0.75,7919,389333,-1,0,540,27488,2123,2122,-75,13,44.04362,-68.8924,4,-0.002,1
"2026-07-01 23:00:00",541,13.24,19.12,40,127,135,204,36594,1.3,0.75,7919,390053,-1,0,541,27488,2229,2229,-85,4,44.04362,-68.8924,4,-0.014,1
"2026-07-02 00:00:00",542,13.23,19.65,40,135,139,211,36594,1.3,0.75,7919,390773,-1,0,542,27488,0,2361,-81,13,44.04362,-68.8924,4,-0.014,1
"2026-07-02 01:00:00",543,13.23,19.24,40,139,139,204,36594,1.3,0.75,7919,391493,-1,0,543,27488,141.2,2502,-89,4,44.04354,-68.89223,4,-0.015,1
"2026-07-02 02:00:00",544,13.23,19.78,40,118,118,204,36594,1.3,0.75,7919,392213,-1,0,544,27488,232.7,2594,-87,4,44.04356,-68.89223,4,-0.015,1
"2026-07-02 03:00:00",545,13.23,18.57,41,110,110,204,36594,1.3,0.75,7919,392933,-1,0,545,27488,343.7,2705,-83,4,44.04356,-68.89223,4,-0.025,1
"2026-07-02 04:00:00",546,13.22,18.64,40,109.1,158,204,36594,1.3,0.75,7919,393653,-1,0,546,27488,457.2,2818,-87,4,44.04352,-68.8923,4,-0.025,1
"2026-07-02 05:00:00",547,13.21,18.12,40,158,165,211,36594,1.3,0.75,7919,394373,-1,0,547,27488,560.2,2921,-79,13,44.04352,-68.8922,5,-0.031,1
"2026-07-02 06:00:00",548,13.26,18.7,40,164.9,165,204,36594,1.3,0.75,7919,395093,-1,0,548,27488,671,3032,-81,13,44.04347,-68.89217,4,-0.028,1
"2026-07-02 07:00:00",549,13.39,21.15,39,75.94,76,204,36594,1.3,0.75,7919,395813,-1,0,549,27488,766.3,3127,-81,4,44.04353,-68.89225,4,-0.025,1
"2026-07-02 08:00:00",550,13.41,23.88,39,31.99,32,204,36594,1.3,0.75,7919,396533,-1,0,550,27488,858,3219,-89,13,44.04351,-68.89224,4,-0.025,1
"2026-07-02 09:00:00",551,13.53,24.29,38,25.84,26,205,36594,1.3,0.75,7919,397253,-1,0,551,27488,960,3321,-81,4,44.04363,-68.89249,4,-0.022,1
"2026-07-02 10:00:00",552,13.37,23.05,40,-88.7,121,204,36594,1.3,0.75,7919,397973,-1,0,552,27488,1011,3372,-81,4,"NAN","NAN",4,-0.017,1
