"TOA5","Wynken","CR300","36593","CR300-CELL210.Std.11.02","CPU:wynken.250902.dld","51065","Ai1"
"TIMESTAMP","RECORD","BatteryVoltage","InternalTemperature","InternalHumidity","CurrentAverage","CurrentMaximum","ProcessingTime","SerialNumber","DataloggerOSVersion","Ai1OSVersion","ProgramSignature","ProgramCounter","StartUpCode","WatchdogErrors","SkippedScans","MemoryFree","CellUsageToday","CellUsageThisMonth","CellRSSI","CellNetBand","Latitude","Longitude","GPSSatellitesInView","Pressure_mH2O","ReadAttempts_Max"
"TS","RN","Volts","°C","%","mA (-=Charge, +=Discharge)","mA (-=Charge, +=Discharge)","µS","","","","(0-65535)","Cycles","(0=Ok, -1=Power, -2=Watchdog)","Errors Since Compile","Scans Skipped","Bytes","kB","kB","dBm","","Decimal Degrees (N=+,S=-)","Decimal Degrees (E=+,W=-)","GPS Satellites visible","mH2O",""
"","","Smp","Smp","Smp","Avg:mA","Max:mA","Smp","Smp","Smp","Smp","Smp:0-65535)","Smp","Smp:0=Ok","Smp:Watchdog Errors Since Compile","Smp:Scans Skipped","Smp:Bytes","Smp:kB","Smp:kB","Smp:dBm","Smp:band","Smp","Smp","Smp","Smp","Max"
"2025-09-04 10:00:00",0,13.62,25.44,54,0.126,24,211,36593,11.02,0.75,51065,189,-1,0,0,29480,3.543,697,-73,13,44.03511,-68.88623,0,-13.01,0
"2025-09-04 11:00:00",1,13.61,23.53,52,23.96,24,204,36593,11.02,0.75,51065,909,-1,0,1,29480,70.1,764,0,13,44.04359,-68.88933,6,-13.01,1
"2025-09-04 12:00:00",2,13.61,23.57,51,-2.997,-1,204,36593,11.02,0.75,51065,1629,-1,0,2,29480,124.9,818,-85,13,44.04333,-68.89211,5,-13.01,1
"2025-09-04 13:00:00",3,13.61,23.76,51,-1.017,-1,203,36593,11.02,0.75,51065,2349,-1,0,3,29480,186.2,880,-79,13,44.04352,-68.89212,4,-0.023,1
"2025-09-04 14:00:00",4,13.64,23.98,50,-13,-13,210,36593,11.02,0.75,51065,3069,-1,0,4,29480,248.7,942,-79,13,44.04336,-68.89214,4,-0.021,1
"2025-09-04 15:00:00",5,13.62,24.02,51,-14.98,0,210,36593,11.02,0.75,51065,3789,-1,0,5,29480,309,1002,0,13,44.04333,-68.89221,4,-0.021,1
"2025-09-04 16:00:00",6,13.58,26.05,49,-0.003,0,203,36593,11.02,0.75,51065,4509,-1,0,6,29480,327.4,1021,-87,4,44.0433,-68.89217,4,-0.021,1
"2025-09-04 17:00:00",7,13.58,24.61,50,-2.042,-2,204,36593,11.02,0.75,51065,5229,-1,0,7,29480,402.1,1096,-91,4,44.04332,-68.89219,4,-0.021,1
"2025-09-04 18:00:00",8,13.63,24.03,50,-31.99,-28,204,36593,11.02,0.75,51065,5949,-1,0,8,29480,465.4,1159,-77,13,44.04336,-68.89218,5,-0.026,1
"2025-09-04 19:00:00",9,13.57,21.5,51,-27.88,61,204,36593,11.02,0.75,51065,6669,-1,0,9,29480,530.5,1224,-77,13,44.04331,-68.8922,4,-0.026,1
"2025-09-04 20:00:00",10,13.35,19.24,52,60.97,61,204,36593,11.02,0.75,51065,7389,-1,0,10,29480,594.7,1288,-79,13,44.04337,-68.89217,6,-0.033,1
"2025-09-04 21:00:00",11,13.26,19.22,52,37.01,46,204,36593,11.02,0.75,51065,8109,-1,0,11,29480,658.9,1352,-77,13,44.04333,-68.8922,4,-0.033,1
"2025-09-04 22:00:00",12,13.23,18.87,52,46.04,75,203,36593,11.02,0.75,51065,8829,-1,0,12,29480,723.9,1417,-81,13,44.04329,-68.89223,4,-0.033,1
"2025-09-04 23:00:00",13,13.24,19.01,52,74.99,75,204,36593,11.02,0.75,51065,9549,-1,0,13,29480,782.1,1476,-85,13,44.04333,-68.89217,4,-0.033,1
"2025-09-05 00:00:00",14,13.2,18.44,52,67.06,111,203,36593,11.02,0.75,51065,10269,-1,0,14,29480,0,1531,-81,13,44.04333,-68.89211,4,-0.034,1
"2025-09-05 01:00:00",15,13.23,18.68,52,110.9,111,203,36593,11.02,0.75,51065,10989,-1,0,15,29480,58.61,1589,-83,13,44.04336,-68.89213,5,-0.034,1
"2025-09-05 02:00:00",16,13.2,18.81,53,61.02,73,203,36593,11.02,0.75,51065,11709,-1,0,16,29480,122.9,1653,-79,13,44.04336,-68.89214,4,-0.033,1
"2025-09-05 03:00:00",17,13.23,18.83,53,72.97,73,203,36593,11.02,0.75,51065,12429,-1,0,17,29480,176.9,1707,0,4,44.04336,-68.8922,6,-0.033,1
"2025-09-05 04:00:00",18,13.23,19.1,53,47.99,48,203,36593,11.02,0.75,51065,13149,-1,0,18,29480,187.7,1718,-87,4,44.04331,-68.8922,4,-0.028,1
"2025-09-05 05:00:00",19,13.2,18.83,53,44.04,74,203,36593,11.02,0.75,51065,13869,-1,0,19,29480,220,1751,-93,4,44.04336,-68.8922,5,-0.028,1
"2025-09-05 06:00:00",20,13.23,18.98,53,73.96,74,203,36593,11.02,0.75,51065,14589,-1,0,20,29480,287.8,1818,-91,4,44.04337,-68.89223,4,-0.024,1
"2025-09-05 07:00:00",21,13.29,19.88,52,46.91,47,204,36593,11.02,0.75,51065,15309,-1,0,21,29480,347.8,1878,-77,13,"NAN","NAN",4,-0.024,1
"2025-09-05 08:00:00",22,13.29,20.4,51,-18.75,162,211,36593,11.02,0.75,51065,16029,-1,0,22,29480,409.2,1940,-77,13,"NAN","NAN",4,-0.021,1
"2025-09-05 09:00:00",23,13.42,21.32,51,161.7,162,210,36593,11.02,0.75,51065,16749,-1,0,23,29480,476.4,2007,-79,13,44.04334,-68.89214,4,-0.019,1
"2025-09-05 10:00:00",24,13.48,22.27,50,-47.09,-47,211,36593,11.02,0.75,51065,17469,-1,0,24,29480,536.8,2067,-81,13,44.04334,-68.89214,4,-0.019,1
"2025-09-05 11:00:00",25,13.81,24.2,50,-109.2,-109,210,36593,11.02,0.75,51065,18189,-1,0,25,29480,595.1,2126,-79,13,44.04336,-68.89217,4,-0.017,1
"2025-09-05 12:00:00",26,13.63,23.53,51,-246.7,-19,203,36593,11.02,0.75,51065,18909,-1,0,26,29480,654.7,2185,-77,13,44.04308,-68.89213,4,-0.015,1
"2025-09-05 13:00:00",27,13.64,23.35,50,-18.99,-14,210,36593,11.02,0.75,51065,19629,-1,0,27,29480,713,2244,-79,13,44.04336,-68.89212,5,-0.013,1
"2025-09-05 14:00:00",28,13.63,22.62,51,-14.01,-14,203,36593,11.02,0.75,51065,20349,-1,0,28,29480,774.6,2305,-75,13,44.04333,-68.89214,4,-0.013,1
"2025-09-05 15:00:00",29,13.62,22.01,50,-23.95,9,204,36593,11.02,0.75,51065,21069,-1,0,29,29480,832,2363,-83,13,44.04339,-68.89218,4,-0.013,1
"2025-09-05 16:00:00",30,13.69,22.23,51,8.96,9,204,36593,11.02,0.75,51065,21789,-1,0,30,29480,889,2420,-91,4,44.04334,-68.89223,4,-0.014,1
"2025-09-05 17:00:00",31,13.6,21.37,51,-16.89,63,204,36593,11.02,0.75,51065,22509,-1,0,31,29480,907,2437,-91,4,44.04333,-68.89218,4,-0.014,1
"2025-09-05 18:00:00",32,13.46,20.42,52,62.97,63,204,36593,11.02,0.75,51065,23229,-1,0,32,29480,958,2489,-85,4,44.04336,-68.8922,4,-0.024,1
"2025-09-05 19:00:00",33,13.31,19.97,52,40.05,77,203,36593,11.02,0.75,51065,23949,-1,0,33,29480,1016,2547,-85,13,44.04336,-68.89223,4,-0.024,1
"2025-09-05 20:00:00",34,13.25,20,52,76.97,77,204,36593,11.02,0.75,51065,24669,-1,0,34,29480,1076,2607,-83,13,44.04334,-68.89224,4,-0.026,1
"2025-09-05 21:00:00",35,13.24,19.83,52,54.01,61,204,36593,11.02,0.75,51065,25389,-1,0,35,29480,1134,2665,-73,13,44.04331,-68.89216,5,-0.026,1
"2025-09-05 22:00:00",36,13.24,19.71,52,60.99,61,204,36593,11.02,0.75,51065,26109,-1,0,36,29480,1197,2727,-79,13,44.04333,-68.89219,4,-0.026,1
"2025-09-05 23:00:00",37,13.21,19.99,51,57.08,115,203,36593,11.02,0.75,51065,26829,-1,0,37,29480,1254,2784,-83,13,44.04331,-68.89211,4,-0.026,1
"2025-09-06 00:00:00",38,13.22,19.34,52,115,115,204,36593,11.02,0.75,51065,27549,-1,0,38,29480,0,2828,-83,13,"NAN","NAN",4,-0.028,1
"2025-09-06 01:00:00",39,13.21,19.16,53,88,88,210,36593,11.02,0.75,51065,28269,-1,0,39,29480,46.09,2874,-85,13,44.04328,-68.89208,5,-0.028,1
"2025-09-06 02:00:00",40,13.23,19.15,53,74.99,75,204,36593,11.02,0.75,51065,28989,-1,0,40,29480,103.8,2932,-93,4,44.04337,-68.89216,4,-0.026,1
"2025-09-06 03:00:00",41,13.22,18.84,53,67.97,68,203,36593,11.02,0.75,51065,29709,-1,0,41,29480,175.3,3003,-89,4,44.04338,-68.89212,4,-0.026,1
"2025-09-06 04:00:00",42,13.23,18.76,53,48.99,49,204,36593,11.02,0.75,51065,30429,-1,0,42,29480,221.7,3049,-81,13,44.04339,-68.89217,4,-0.026,1
"2025-09-06 05:00:00",43,13.23,18.61,53,44.02,61,211,36593,11.02,0.75,51065,31149,-1,0,43,29480,282.9,3111,-91,4,44.04337,-68.8922,7,-0.026,1
"2025-09-06 06:00:00",44,13.22,18.57,53,60.99,61,203,36593,11.02,0.75,51065,31869,-1,0,44,29480,310.8,3139,-89,4,44.04333,-68.89226,5,-0.026,1
"2025-09-06 07:00:00",45,13.3,19.2,53,55.9,56,203,36593,11.02,0.75,51065,32589,-1,0,45,29480,363.5,3191,-93,4,"NAN","NAN",4,-0.026,1
"2025-09-06 08:00:00",46,13.44,20.77,52,-19.07,-19,203,36593,11.02,0.75,51065,33309,-1,0,46,29480,399.4,3227,-75,13,44.04335,-68.8922,5,-0.018,1
"2025-09-06 09:00:00",47,13.54,22.36,50,-69.19,-69,211,36593,11.02,0.75,51065,34029,-1,0,47,29480,439.8,3268,-81,13,"NAN","NAN",4,-0.015,1
"2025-09-06 10:00:00",48,13.6,24.43,49,-203.9,-111,203,36593,11.02,0.75,51065,34749,-1,0,48,29480,495.9,3324,-81,13,44.04332,-68.89217,4,-0.011,1
"2025-09-06 11:00:00",49,13.57,24.57,49,-110.8,15,203,36593,11.02,0.75,51065,35469,-1,0,49,29480,551.2,3379,-79,13,44.04333,-68.89214,4,-0.009,1
"2025-09-06 12:00:00",50,13.62,24.35,50,15,16,203,36593,11.02,0.75,51065,36189,-1,0,50,29480,589.8,3418,0,13,44.04341,-68.89213,4,-0.009,1
"2025-09-06 13:00:00",51,13.64,23.62,51,15.96,16,204,36593,11.02,0.75,51065,36909,-1,0,51,29480,597.3,3425,-51,13,44.04333,-68.89214,4,-0.009,1
"2025-09-06 14:00:00",52,13.63,23.45,51,-9.99,0,204,36593,11.02,0.75,51065,37629,-1,0,52,29480,648.9,3477,-81,13,"NAN","NAN",4,-0.014,1
"2025-09-06 15:00:00",53,13.62,23.1,51,-0.024,0,204,36593,11.02,0.75,51065,38349,-1,0,53,29480,712.3,3540,-79,13,44.04328,-68.89213,4,-0.015,1
"2025-09-06 16:00:00",54,13.66,21.82,52,-16.97,8,204,36593,11.02,0.75,51065,39069,-1,0,54,29480,774.3,3602,-77,13,44.04336,-68.89217,6,-0.016,1
"2025-09-06 17:00:00",55,13.6,20.97,52,8.07,58,204,36593,11.02,0.75,51065,39789,-1,0,55,29480,800,3628,0,4,44.04335,-68.89223,4,-0.016,5
"2025-09-06 18:00:00",56,13.45,20.56,53,57.98,58,204,36593,11.02,0.75,51065,40509,-1,0,56,29480,854,3682,0,13,44.04334,-68.89224,4,-0.016,5
"2025-09-06 19:00:00",57,13.27,19.79,53,47.09,115,204,36593,11.02,0.75,51065,41229,-1,0,57,29480,865,3692,0,4,44.04338,-68.89222,5,-0.034,1
"2025-09-06 20:00:00",58,13.25,19.25,53,114.9,115,211,36593,11.02,0.75,51065,41949,-1,0,58,29480,921,3749,-51,4,44.04335,-68.89223,5,-0.034,1
"2025-09-06 21:00:00",59,13.24,18.95,53,45.01,54,211,36593,11.02,0.75,51065,42669,-1,0,59,29480,978,3806,-83,13,44.04335,-68.8922,5,-0.034,1
"2025-09-06 22:00:00",60,13.24,18.18,53,54.03,77,204,36593,11.02,0.75,51065,43389,-1,0,60,29480,1043,3870,-91,4,44.04333,-68.89218,5,-0.033,1
"2025-09-06 23:00:00",61,13.23,17.41,53,77.03,96,211,36593,11.02,0.75,51065,44109,-1,0,61,29480,1101,3928,-93,4,44.04329,-68.89216,4,-0.033,1
"2025-09-07 00:00:00",62,13.23,17.49,53,96,96,204,36593,11.02,0.75,51065,44829,-1,0,62,29480,0,3985,-87,4,44.04325,-68.89218,4,-0.033,1
"2025-09-07 01:00:00",63,13.22,17.59,52,86,86,203,36593,11.02,0.75,51065,45549,-1,0,63,29480,48.39,4033,-91,4,44.04306,-68.89211,4,-0.016,1
"2025-09-07 02:00:00",64,13.2,17.67,52,72.05,108,204,36593,11.02,0.75,51065,46269,-1,0,64,29480,107.4,4092,-87,4,44.04327,-68.89217,5,-0.016,1
"2025-09-07 03:00:00",65,13.16,17.48,52,108,108,203,36593,11.02,0.75,51065,46989,-1,0,65,29480,171.4,4156,-79,13,44.04324,-68.89213,4,-0.016,1
"2025-09-07 04:00:00",66,13.22,17.94,52,106,106,211,36593,11.02,0.75,51065,47709,-1,0,66,29480,231.6,4216,-79,13,44.04324,-68.89213,4,-0.016,1
"2025-09-07 05:00:00",67,13.21,17.56,52,75.02,87,204,36593,11.02,0.75,51065,48429,-1,0,67,29480,292.9,4278,-79,13,44.04324,-68.89225,5,-0.011,1
"2025-09-07 06:00:00",68,13.2,17.23,53,87,98,204,36593,11.02,0.75,51065,49149,-1,0,68,29480,354.7,4340,-81,13,44.04329,-68.89231,4,-0.011,1
"2025-09-07 07:00:00",69,13.22,17.29,53,97.9,98,210,36593,11.02,0.75,51065,49869,-1,0,69,29480,399.3,4384,-91,4,44.04323,-68.89227,4,-0.008,1
"2025-09-07 08:00:00",70,13.23,17.63,52,30.01,34,204,36593,11.02,0.75,51065,50589,-1,0,70,29480,430.5,4415,-89,4,44.04333,-68.89227,4,-0.006,1
"2025-09-07 09:00:00",71,13.23,17.36,52,33.98,34,203,36593,11.02,0.75,51065,51309,-1,0,71,29480,479.3,4464,-85,4,44.04329,-68.89227,5,-0.002,1
"2025-09-07 10:00:00",72,13.3,17.12,52,18.94,19,203,36593,11.02,0.75,51065,52029,-1,0,72,29480,533.3,4518,-89,4,44.04333,-68.8922,4,-0.001,1
"2025-09-07 11:00:00",73,13.29,17.09,52,-21.91,42,204,36593,11.02,0.75,51065,52749,-1,0,73,29480,585.3,4570,-91,4,44.04331,-68.89218,4,0.002,1
"2025-09-07 12:00:00",74,13.34,16.66,52,41.93,42,204,36593,11.02,0.75,51065,53469,-1,0,74,29480,665.3,4650,-81,13,44.0433,-68.89217,7,0.002,1
"2025-09-07 13:00:00",75,13.29,16.99,52,-4.992,1,203,36593,11.02,0.75,51065,54189,-1,0,75,29480,727.4,4712,-81,13,44.0433,-68.8922,5,0.003,1
"2025-09-07 14:00:00",76,13.38,17.05,52,1,1,203,36593,11.02,0.75,51065,54909,-1,0,76,29480,747.7,4733,-51,4,44.04322,-68.89216,4,0.003,1
"2025-09-07 15:00:00",77,13.35,17.36,52,1.004,4,211,36593,11.02,0.75,51065,55629,-1,0,77,29480,796.6,4781,-85,13,44.04332,-68.89218,4,0.003,1
"2025-09-07 16:00:00",78,13.35,17,52,4.008,10,211,36593,11.02,0.75,51065,56349,-1,0,78,29480,869,4854,-79,13,44.04329,-68.89212,5,0.003,1
"2025-09-07 17:00:00",79,13.33,17.08,52,10.02,26,203,36593,11.02,0.75,51065,57069,-1,0,79,29480,923,4908,-87,4,44.04331,-68.89226,5,0.001,1
"2025-09-07 18:00:00",80,13.25,16.59,53,26.07,75,203,36593,11.02,0.75,51065,57789,-1,0,80,29480,987,4972,-89,4,44.04322,-68.89223,4,0.001,1
"2025-09-07 19:00:00",81,13.25,16.34,53,74.94,75,203,36593,11.02,0.75,51065,58509,-1,0,81,29480,1074,5059,-89,4,44.04329,-68.89226,5,0,1
"2025-09-07 20:00:00",82,13.19,16.11,53,32.06,78,204,36593,11.02,0.75,51065,59229,-1,0,82,29480,1157,5142,-89,4,44.04331,-68.89221,4,-0.001,1
"2025-09-07 21:00:00",83,13.21,16.36,53,77.93,78,210,36593,11.02,0.75,51065,59949,-1,0,83,29480,1209,5193,0,4,44.04333,-68.89223,5,-0.001,1
"2025-09-07 22:00:00",84,13.2,16.72,53,28.03,50,204,36593,11.02,0.75,51065,60669,-1,0,84,29480,1276,5261,-81,13,44.04333,-68.89219,4,-0.001,1
"2025-09-07 23:00:00",85,13.2,16.65,53,50.03,71,204,36593,11.02,0.75,51065,61389,-1,0,85,29480,1333,5318,-93,4,44.04333,-68.89217,4,0,1
"2025-09-08 00:00:00",86,13.17,17.28,52,71.05,108,204,36593,11.02,0.75,51065,62109,-1,0,86,29480,0.012,5363,-87,4,44.04333,-68.89217,6,0.008,1
"2025-09-08 01:00:00",87,13.2,17.18,52,107.9,108,203,36593,11.02,0.75,51065,62829,-1,0,87,29480,49.29,5412,-93,4,44.04331,-68.89217,5,0.009,1
"2025-09-08 02:00:00",88,13.19,16.69,53,65,65,211,36593,11.02,0.75,51065,63549,-1,0,88,29480,110.8,5474,0,4,44.04329,-68.89214,5,0.015,1
"2025-09-08 03:00:00",89,13.21,16.37,54,64,65,203,36593,11.02,0.75,51065,64269,-1,0,89,29480,163.6,5526,-93,4,44.0433,-68.89211,5,0.015,1
"2025-09-08 04:00:00",90,13.2,16.26,53,65.02,80,204,36593,11.02,0.75,51065,64989,-1,0,90,29480,220.6,5583,-83,13,44.04328,-68.89212,4,0.019,1
"2025-09-08 05:00:00",91,13.18,16.2,53,80.1,129,204,36593,11.02,0.75,51065,65709,-1,0,91,29480,277.2,5640,-79,13,44.04327,-68.89221,4,0.023,1
"2025-09-08 06:00:00",92,13.18,16.05,53,129,129,211,36593,11.02,0.75,51065,66429,-1,0,92,29480,336,5699,-79,13,44.04329,-68.89222,6,0.028,1
"2025-09-08 07:00:00",93,13.36,16.6,53,112.7,113,204,36593,11.02,0.75,51065,67149,-1,0,93,29480,383.6,5746,-89,4,44.04328,-68.89224,4,0.033,1
"2025-09-08 08:00:00",94,13.49,18,52,-75.11,-75,210,36593,11.02,0.75,51065,67869,-1,0,94,29480,442.7,5805,-51,4,44.04335,-68.89228,4,0.037,1
"2025-09-08 09:00:00",95,13.53,20.9,51,-155,-147,203,36593,11.02,0.75,51065,68589,-1,0,95,29480,500.2,5863,-89,4,44.04333,-68.89227,6,0.045,1
"2025-09-08 10:00:00",96,13.53,21.88,51,-147,-139,204,36593,11.02,0.75,51065,69309,-1,0,96,29480,565,5928,-83,4,44.04333,-68.89225,4,0.062,1
"2025-09-08 11:00:00",97,13.62,24.11,50,-139,-139,203,36593,11.02,0.75,51065,70029,-1,0,97,29480,647,6010,-77,13,44.04331,-68.8922,4,0.067,1
"2025-09-08 12:00:00",98,13.6,25.64,49,-147.8,0,204,36593,11.02,0.75,51065,70749,-1,0,98,29480,688.9,6052,-77,13,44.04331,-68.89219,4,0.076,1
"2025-09-08 13:00:00",99,13.58,24.73,50,0.018,13,203,36593,11.02,0.75,51065,71469,-1,0,99,29480,746.8,6110,-79,13,44.04329,-68.89219,4,0.079,1
"2025-09-08 14:00:00",100,13.61,22.86,51,13,13,204,36593,11.02,0.75,51065,72189,-1,0,100,29480,819,6181,-83,13,44.04317,-68.89221,4,0.08,1
"2025-09-08 15:00:00",101,13.62,21.98,51,13.01,19,203,36593,11.02,0.75,51065,72909,-1,0,101,29480,867,6230,0,13,44.04331,-68.89216,5,0.08,1
"2025-09-08 16:00:00",102,13.66,21.79,50,18.96,19,211,36593,11.02,0.75,51065,73629,-1,0,102,29480,904,6267,-83,13,44.04329,-68.89213,6,0.08,1
"2025-09-08 17:00:00",103,13.69,20.11,51,-7.988,1,204,36593,11.02,0.75,51065,74349,-1,0,103,29480,960,6323,-89,4,44.04321,-68.89214,4,0.08,1
"2025-09-08 18:00:00",104,13.69,19.19,51,0.974,1,203,36593,11.02,0.75,51065,75069,-1,0,104,29480,1040,6403,-93,4,44.04326,-68.8922,4,0.081,1
"2025-09-08 19:00:00",105,13.6,18.13,52,-17.89,58,204,36593,11.02,0.75,51065,75789,-1,0,105,29480,1111,6474,-93,4,44.04327,-68.89228,4,0.081,1
"2025-09-08 20:00:00",106,13.38,16.85,53,57.99,58,204,36593,11.02,0.75,51065,76509,-1,0,106,29480,1179,6541,0,4,44.04327,-68.89223,4,0.082,1
"2025-09-08 21:00:00",107,13.26,16.75,53,48.06,88,204,36593,11.02,0.75,51065,77229,-1,0,107,29480,1236,6599,-89,4,44.04329,-68.89223,4,0.082,1
"2025-09-08 22:00:00",108,13.21,16.08,53,88,88,210,36593,11.02,0.75,51065,77949,-1,0,108,29480,1312,6675,-91,4,44.04329,-68.89223,5,0.084,1
"2025-09-08 23:00:00",109,13.23,16.21,54,75.02,88,204,36593,11.02,0.75,51065,78669,-1,0,109,29480,1349,6712,0,4,44.04329,-68.89219,4,0.088,1
"2025-09-09 00:00:00",110,13.23,16.23,54,88,88,204,36593,11.02,0.75,51065,79389,-1,0,110,29480,0,6720,0,4,44.04329,-68.89219,4,0.095,1
"2025-09-09 01:00:00",111,13.23,16.23,54,84,84,203,36593,11.02,0.75,51065,80109,-1,0,111,29480,8.19,6728,0,4,44.04329,-68.89219,4,0.114,1
"2025-09-09 02:00:00",112,13.23,16.14,54,74.99,75,204,36593,11.02,0.75,51065,80829,-1,0,112,29480,17.32,6737,-85,13,44.04329,-68.89219,4,0.116,1
"2025-09-09 03:00:00",113,13.21,15.15,54,71.01,77,204,36593,11.02,0.75,51065,81549,-1,0,113,29480,86,6806,0,4,44.04329,-68.89217,4,0.116,1
"2025-09-09 04:00:00",114,13.21,14.74,54,77,79,204,36593,11.02,0.75,51065,82269,-1,0,114,29480,150.2,6870,-93,4,44.04329,-68.89213,4,0.116,1
"2025-09-09 05:00:00",115,13.2,15.31,53,79,80,204,36593,11.02,0.75,51065,82989,-1,0,115,29480,206.7,6926,-91,4,44.04327,-68.89214,5,0.072,1
"2025-09-09 06:00:00",116,13.2,15.17,53,79.98,80,203,36593,11.02,0.75,51065,83709,-1,0,116,29480,268,6988,-91,4,44.04324,-68.89222,4,0.072,1
"2025-09-09 07:00:00",117,13.5,17.18,52,62.75,63,203,36593,11.02,0.75,51065,84429,-1,0,117,29480,325.6,7045,-89,4,44.04328,-68.89224,5,0.072,1
"2025-09-09 08:00:00",118,13.57,19.3,53,-116.1,-116,203,36593,11.02,0.75,51065,85149,-1,0,118,29480,356,7076,0,13,44.04326,-68.89223,4,0.072,1
"2025-09-09 09:00:00",119,13.69,21.18,53,-161.8,-36,203,36593,11.02,0.75,51065,85869,-1,0,119,29480,380.4,7100,-89,4,44.04329,-68.89228,4,0.11,1
"2025-09-09 10:00:00",120,13.67,22.67,52,-35.98,-20,204,36593,11.02,0.75,51065,86589,-1,0,120,29480,446.9,7167,-91,4,44.04332,-68.89226,6,0.123,1
"2025-09-09 11:00:00",121,13.65,23.37,51,-19.94,21,211,36593,11.02,0.75,51065,87309,-1,0,121,29480,491.4,7211,-91,4,44.04332,-68.89223,4,0.26,1
"2025-09-09 12:00:00",122,13.64,23.11,52,20.93,21,211,36593,11.02,0.75,51065,88029,-1,0,122,29480,570.8,7291,-91,4,44.0433,-68.89229,4,0.269,1
"2025-09-09 13:00:00",123,13.63,23.26,51,-25.96,5,203,36593,11.02,0.75,51065,88749,-1,0,123,29480,636.1,7356,-85,4,44.04333,-68.89219,5,0.35,1
"2025-09-09 14:00:00",124,13.64,23.16,51,4.967,5,203,36593,11.02,0.75,51065,89469,-1,0,124,29480,703.9,7424,-91,4,44.04329,-68.89222,5,0.355,1
"2025-09-09 15:00:00",125,13.64,22.44,51,-18.96,7,210,36593,11.02,0.75,51065,90189,-1,0,125,29480,778.6,7498,-87,4,44.0433,-68.89217,5,0.355,1
"2025-09-09 16:00:00",126,13.64,21.87,51,6.961,7,211,36593,11.02,0.75,51065,90909,-1,0,126,29480,835,7555,-93,4,44.04329,-68.89211,4,0.355,1
"2025-09-09 17:00:00",127,13.64,22.48,51,-21,-20,204,36593,11.02,0.75,51065,91629,-1,0,127,29480,895,7615,0,4,44.0433,-68.89213,4,0.327,1
"2025-09-09 18:00:00",128,13.66,20.95,51,-20,-20,203,36593,11.02,0.75,51065,92349,-1,0,128,29480,962,7682,-85,4,44.04332,-68.89223,5,0.327,1
"2025-09-09 19:00:00",129,13.58,18.15,53,-21.91,41,204,36593,11.02,0.75,51065,93069,-1,0,129,29480,1002,7722,-87,4,44.0433,-68.89224,6,0.314,1
"2025-09-09 20:00:00",130,13.38,16.65,53,41.02,55,211,36593,11.02,0.75,51065,93789,-1,0,130,29480,1047,7766,-91,4,44.04332,-68.89225,5,0.314,1
"2025-09-09 21:00:00",131,13.27,16.25,53,55,58,204,36593,11.02,0.75,51065,94509,-1,0,131,29480,1072,7792,-89,4,44.04333,-68.89226,5,0.186,1
"2025-09-09 22:00:00",132,13.23,15.73,54,57.99,58,204,36593,11.02,0.75,51065,95229,-1,0,132,29480,1136,7856,-91,4,44.04333,-68.89223,5,0.186,1
"2025-09-09 23:00:00",133,13.22,15.24,54,51.98,52,211,36593,11.02,0.75,51065,95949,-1,0,133,29480,1191,7910,0,4,44.04332,-68.89223,5,0.124,1
"2025-09-10 00:00:00",134,13.21,15.45,54,41,41,203,36593,11.02,0.75,51065,96669,-1,0,134,29480,0.034,7978,-91,4,44.04328,-68.89223,5,0.124,1
"2025-09-10 01:00:00",135,13.2,14.96,53,40.04,68,204,36593,11.02,0.75,51065,97389,-1,0,135,29480,65.43,8044,-89,4,44.0433,-68.89216,5,0.082,1
"2025-09-10 02:00:00",136,13.21,14.98,54,68.01,75,210,36593,11.02,0.75,51065,98109,-1,0,136,29480,112.6,8091,-89,4,44.04329,-68.89216,6,0.082,1
"2025-09-10 03:00:00",137,13.2,14.61,54,75,75,203,36593,11.02,0.75,51065,98829,-1,0,137,29480,178.2,8156,-51,4,44.0433,-68.89214,4,0.066,1
"2025-09-10 04:00:00",138,13.21,14.62,54,73.99,74,203,36593,11.02,0.75,51065,99549,-1,0,138,29480,207.9,8186,-91,4,44.0433,-68.89212,7,0.066,1
"2025-09-10 05:00:00",139,13.18,14.77,54,66.04,94,211,36593,11.02,0.75,51065,100269,-1,0,139,29480,273.2,8251,-83,13,44.04332,-68.89213,5,0.056,1
"2025-09-10 06:00:00",140,13.2,14.64,54,94,94,211,36593,11.02,0.75,51065,100989,-1,0,140,29480,323.7,8302,-91,4,44.04328,-68.89211,5,0.056,1
"2025-09-10 07:00:00",141,13.32,15.72,53,66.88,67,210,36593,11.02,0.75,51065,101709,-1,0,141,29480,380.7,8359,-87,4,44.04329,-68.89225,4,0.056,1
"2025-09-10 08:00:00",142,13.43,17.08,53,-21.03,-21,203,36593,11.02,0.75,51065,102429,-1,0,142,29480,409.5,8388,0,13,44.04329,-68.89225,4,0.056,1
"2025-09-10 09:00:00",143,13.55,18.37,53,-41.09,-41,204,36593,11.02,0.75,51065,103149,-1,0,143,29480,417.9,8396,-91,4,44.0433,-68.89228,4,0.071,1
"2025-09-10 10:00:00",144,13.72,20.88,53,-107.9,-32,204,36593,11.02,0.75,51065,103869,-1,0,144,29480,478.8,8457,-51,4,44.04331,-68.89226,6,0.117,1
"2025-09-10 11:00:00",145,13.67,22.73,52,-31.99,-22,211,36593,11.02,0.75,51065,104589,-1,0,145,29480,555.8,8534,-51,4,44.04336,-68.89227,5,0.163,1
"2025-09-10 12:00:00",146,13.66,22.93,52,-21.99,-17,203,36593,11.02,0.75,51065,105309,-1,0,146,29480,627.5,8606,-91,4,44.04333,-68.8922,4,0.251,1
"2025-09-10 13:00:00",147,13.66,22.86,51,-16.94,24,211,36593,11.02,0.75,51065,106029,-1,0,147,29480,710.3,8688,-83,13,44.04328,-68.89217,4,0.333,1
"2025-09-10 14:00:00",148,13.67,23.34,51,23.99,24,203,36593,11.02,0.75,51065,106749,-1,0,148,29480,763.9,8742,0,13,44.04333,-68.89218,4,0.333,1
"2025-09-10 15:00:00",149,13.64,24.45,50,13.98,14,204,36593,11.02,0.75,51065,107469,-1,0,149,29480,829,8807,-81,13,44.04329,-68.89214,5,0.333,1
"2025-09-10 16:00:00",150,13.64,24.43,51,0,0,203,36593,11.02,0.75,51065,108189,-1,0,150,29480,879,8857,0,4,44.04333,-68.89217,7,0.333,1
"2025-09-10 17:00:00",151,13.64,23.52,51,-0.015,0,203,36593,11.02,0.75,51065,108909,-1,0,151,29480,910,8888,-89,13,44.04333,-68.89216,5,0.238,1
"2025-09-10 18:00:00",152,13.62,21.97,51,-10.95,27,211,36593,11.02,0.75,51065,109629,-1,0,152,29480,974,8952,-91,4,44.04331,-68.89212,4,0.238,1
"2025-09-10 19:00:00",153,13.58,20.62,51,27.05,64,203,36593,11.02,0.75,51065,110349,-1,0,153,29480,1036,9014,-81,13,44.04327,-68.89223,6,0.086,1
"2025-09-10 20:00:00",154,13.34,17.7,53,64.05,99,204,36593,11.02,0.75,51065,111069,-1,0,154,29480,1103,9081,-83,4,44.04326,-68.89223,4,0.086,1
"2025-09-10 21:00:00",155,13.27,16.61,54,98.9,99,204,36593,11.02,0.75,51065,111789,-1,0,155,29480,1166,9144,-89,4,44.04329,-68.89221,5,0.044,1
"2025-09-10 22:00:00",156,13.24,16.06,54,59.97,60,203,36593,11.02,0.75,51065,112509,-1,0,156,29480,1215,9193,-93,4,44.04329,-68.89228,4,0.044,1
"2025-09-10 23:00:00",157,13.21,15.59,54,40.04,71,209,36593,11.02,0.75,51065,113229,-1,0,157,29480,1281,9259,0,4,44.04333,-68.89224,6,0.028,1
"2025-09-11 00:00:00",158,13.16,15.53,54,71.07,121,212,36593,11.02,0.75,51065,113949,-1,0,158,29480,0,9393,0,4,44.04335,-68.89224,4,0.028,1
"2025-09-11 01:00:00",159,13.21,15.91,54,120.9,121,208,36593,11.02,0.75,51065,114669,-1,0,159,29480,44.58,9437,-51,13,44.04326,-68.89222,5,0.028,1
"2025-09-11 02:00:00",160,13.22,15.15,54,64.01,71,204,36593,11.02,0.75,51065,115389,-1,0,160,29480,92.3,9485,-87,13,44.0433,-68.89219,5,0.028,1
"2025-09-11 03:00:00",161,13.21,15.12,54,71.01,77,204,36593,11.02,0.75,51065,116109,-1,0,161,29480,116.8,9509,-93,4,44.04332,-68.89217,4,0.022,1
"2025-09-11 04:00:00",162,13.21,15.16,54,77,77,203,36593,11.02,0.75,51065,116829,-1,0,162,29480,175,9568,0,4,44.04326,-68.89214,4,0.022,1
"2025-09-11 05:00:00",163,13.2,15.39,54,73.99,74,203,36593,11.02,0.75,51065,117549,-1,0,163,29480,198.4,9591,-93,4,44.04328,-68.89216,5,0.009,1
"2025-09-11 06:00:00",164,13.17,15.15,54,68.08,127,210,36593,11.02,0.75,51065,118269,-1,0,164,29480,250.7,9643,-87,4,44.04331,-68.89216,6,0.009,1
"2025-09-11 07:00:00",165,13.52,17.62,53,126.6,127,211,36593,11.02,0.75,51065,118989,-1,0,165,29480,308.2,9701,-79,13,44.04325,-68.89218,4,0.003,1
"2025-09-11 08:00:00",166,13.62,19.99,52,-145.1,-145,210,36593,11.02,0.75,51065,119709,-1,0,166,29480,374.9,9767,-87,4,44.04325,-68.89222,4,0.003,1
"2025-09-11 09:00:00",167,13.69,20.41,54,-203.8,-28,204,36593,11.02,0.75,51065,120429,-1,0,167,29480,437.1,9830,-81,13,44.04325,-68.89222,4,0.003,1
"2025-09-11 10:00:00",168,13.68,21.91,53,-27.98,-14,204,36593,11.02,0.75,51065,121149,-1,0,168,29480,481.2,9874,0,13,44.04327,-68.89225,4,0.007,1
"2025-09-11 11:00:00",169,13.67,23.02,52,-14,-13,204,36593,11.02,0.75,51065,121869,-1,0,169,29480,512,9905,-91,4,44.04332,-68.89222,7,0.009,1
"2025-09-11 12:00:00",170,13.64,24.62,52,-13,-13,203,36593,11.02,0.75,51065,122589,-1,0,170,29480,581,9974,-51,4,44.04329,-68.89221,4,0.009,1
"2025-09-11 13:00:00",171,13.61,24.76,52,-12.98,2,204,36593,11.02,0.75,51065,123309,-1,0,171,29480,650.1,10043,-79,13,44.04333,-68.89217,5,0.009,1
"2025-09-11 14:00:00",172,13.58,26.19,51,2.013,11,204,36593,11.02,0.75,51065,124029,-1,0,172,29480,714.1,10107,-79,13,44.04329,-68.89217,4,0.005,1
"2025-09-11 15:00:00",173,13.57,26.26,50,11.01,18,204,36593,11.02,0.75,51065,124749,-1,0,173,29480,769.6,10162,-81,13,44.04329,-68.89217,4,0.005,1
"2025-09-11 16:00:00",174,13.6,25.46,50,17.99,18,203,36593,11.02,0.75,51065,125469,-1,0,174,29480,828,10221,-79,13,44.04329,-68.89214,7,0.004,1
"2025-09-11 17:00:00",175,13.61,23.2,52,13,14,204,36593,11.02,0.75,51065,126189,-1,0,175,29480,887,10279,0,13,44.04325,-68.89211,6,0.004,1
"2025-09-11 18:00:00",176,13.66,22.38,52,13.97,14,203,36593,11.02,0.75,51065,126909,-1,0,176,29480,948,10340,-83,4,44.04328,-68.89222,5,0.004,1
"2025-09-11 19:00:00",177,13.54,20.57,52,-5.885,77,211,36593,11.02,0.75,51065,127629,-1,0,177,29480,1007,10400,-79,13,44.04328,-68.89211,6,0.004,1
"2025-09-11 20:00:00",178,13.35,18.31,53,76.97,77,204,36593,11.02,0.75,51065,128349,-1,0,178,29480,1066,10458,-79,13,44.04328,-68.8922,5,0.01,1
"2025-09-11 21:00:00",179,13.24,17.35,54,53.06,95,210,36593,11.02,0.75,51065,129069,-1,0,179,29480,1131,10524,-89,4,44.04329,-68.89221,4,0.01,1
"2025-09-11 22:00:00",180,13.23,16.67,54,95,95,203,36593,11.02,0.75,51065,129789,-1,0,180,29480,1156,10548,-87,4,44.04329,-68.89226,4,0.017,1
"2025-09-11 23:00:00",181,13.23,17.41,54,72.94,73,204,36593,11.02,0.75,51065,130509,-1,0,181,29480,1187,10580,-91,4,44.0433,-68.89224,5,0.017,1
"2025-09-12 00:00:00",182,13.23,17.03,55,31.03,55,203,36593,11.02,0.75,51065,131229,-1,0,182,29480,0.034,10644,-93,13,44.04333,-68.89224,7,0.029,1
"2025-09-12 01:00:00",183,13.22,17.46,54,55.02,67,204,36593,11.02,0.75,51065,131949,-1,0,183,29480,56.69,10700,-91,4,44.04331,-68.89222,6,0.029,1
"2025-09-12 02:00:00",184,13.22,17.56,54,67.03,92,211,36593,11.02,0.75,51065,132669,-1,0,184,29480,118.7,10762,-89,4,44.04329,-68.89217,6,0.035,1
"2025-09-12 03:00:00",185,13.22,17.07,54,92,92,204,36593,11.02,0.75,51065,133389,-1,0,185,29480,175.6,10819,-91,4,44.04328,-68.89216,4,0.036,1
"2025-09-12 04:00:00",186,13.21,16.5,54,86,90,203,36593,11.02,0.75,51065,134109,-1,0,186,29480,239,10883,-87,4,44.04326,-68.89214,4,0.046,1
"2025-09-12 05:00:00",187,13.21,16.35,54,90,90,211,36593,11.02,0.75,51065,134829,-1,0,187,29480,301.2,10945,-91,4,44.04327,-68.89214,6,0.046,1
"2025-09-12 06:00:00",188,13.2,15.78,54,78,80,211,36593,11.02,0.75,51065,135549,-1,0,188,29480,359.5,11003,-93,4,44.04329,-68.89214,5,0.054,1
"2025-09-12 07:00:00",189,13.42,18.9,51,79.81,80,204,36593,11.02,0.75,51065,136269,-1,0,189,29480,416.6,11060,-89,4,44.04326,-68.89213,6,0.055,1
"2025-09-12 08:00:00",190,13.59,19.74,52,-56.19,-56,210,36593,11.02,0.75,51065,136989,-1,0,190,29480,478.9,11123,-81,13,44.04326,-68.89213,6,0.063,1
"2025-09-12 09:00:00",191,13.67,20.65,52,-195.7,-2,211,36593,11.02,0.75,51065,137709,-1,0,191,29480,538.9,11183,-79,13,44.04326,-68.89223,4,0.074,1
"2025-09-12 10:00:00",192,13.69,21.58,52,-2.008,-2,203,36593,11.02,0.75,51065,138429,-1,0,192,29480,595,11239,-83,13,44.04324,-68.89227,5,0.082,1
"2025-09-12 11:00:00",193,13.67,21.64,52,-8,-8,204,36593,11.02,0.75,51065,139149,-1,0,193,29480,680.4,11324,-93,4,44.04302,-68.89201,5,0.082,1
"2025-09-12 12:00:00",194,13.65,24,50,-8,-8,210,36593,11.02,0.75,51065,139869,-1,0,194,29480,737.7,11381,-51,13,44.04332,-68.89228,5,0.082,1
"2025-09-12 13:00:00",195,13.61,24.41,51,-8.03,-8,203,36593,11.02,0.75,51065,140589,-1,0,195,29480,766.8,11410,-91,4,44.0433,-68.89223,5,0.081,1
"2025-09-12 14:00:00",196,13.61,23.44,51,-32.97,-15,203,36593,11.02,0.75,51065,141309,-1,0,196,29480,831,11474,-79,13,"NAN","NAN",4,0.081,1
"2025-09-12 15:00:00",197,13.63,22.61,51,-14.99,-5,211,36593,11.02,0.75,51065,142029,-1,0,197,29480,887,11531,-89,4,44.0433,-68.89217,4,0.076,1
"2025-09-12 16:00:00",198,13.66,21.67,51,-5.008,-5,204,36593,11.02,0.75,51065,142749,-1,0,198,29480,942,11585,-81,13,44.04329,-68.89213,4,0.076,1
"2025-09-12 17:00:00",199,13.66,21.52,52,-10.99,-3,208,36593,11.02,0.75,51065,143469,-1,0,199,29480,978,11622,-81,4,44.04329,-68.89217,5,0.068,1
"2025-09-12 18:00:00",200,13.66,20.6,52,-3.001,-3,203,36593,11.02,0.75,51065,144189,-1,0,200,29480,1026,11670,-91,4,44.04331,-68.89217,4,0.068,1
"2025-09-12 19:00:00",201,13.54,18.18,53,-3.926,49,210,36593,11.02,0.75,51065,144909,-1,0,201,29480,1075,11719,-81,13,44.04329,-68.89208,4,0.068,1
"2025-09-12 20:00:00",202,13.36,16.95,54,48.99,49,211,36593,11.02,0.75,51065,145629,-1,0,202,29480,1139,11783,-73,13,44.04333,-68.89211,4,0.068,1
"2025-09-12 21:00:00",203,13.25,16.87,53,41.03,59,211,36593,11.02,0.75,51065,146349,-1,0,203,29480,1201,11845,-79,13,44.04333,-68.89218,4,0.063,1
"2025-09-12 22:00:00",204,13.23,16.21,54,58.98,59,203,36593,11.02,0.75,51065,147069,-1,0,204,29480,1264,11907,-89,13,44.04332,-68.89223,4,0.063,1
"2025-09-12 23:00:00",205,13.22,16.54,53,48.02,60,210,36593,11.02,0.75,51065,147789,-1,0,205,29480,1292,11936,-51,13,44.04333,-68.89221,4,0.063,1
"2025-09-13 00:00:00",206,13.22,15.42,54,59.98,60,212,36593,11.02,0.75,51065,148509,-1,0,206,29480,0,11943,-89,4,44.04333,-68.89222,8,0.063,1
"2025-09-13 01:00:00",207,13.21,15.37,54,46.01,54,203,36593,11.02,0.75,51065,149229,-1,0,207,29480,6.193,11949,0,4,44.04333,-68.89225,4,0.063,1
"2025-09-13 02:00:00",208,13.21,15.46,54,54,55,210,36593,11.02,0.75,51065,149949,-1,0,208,29480,51.62,11994,-83,13,44.04333,-68.89219,5,0.063,1
"2025-09-13 03:00:00",209,13.21,14.92,54,54.98,55,204,36593,11.02,0.75,51065,150669,-1,0,209,29480,111.8,12054,-79,13,44.04331,-68.89217,5,0.062,1
"2025-09-13 04:00:00",210,13.21,14.56,54,41.02,52,204,36593,11.02,0.75,51065,151389,-1,0,210,29480,170.5,12113,-85,4,44.04329,-68.8922,4,0.062,1
"2025-09-13 05:00:00",211,13.2,14.52,54,52.03,74,204,36593,11.02,0.75,51065,152109,-1,0,211,29480,240.3,12183,-83,13,44.04331,-68.89217,6,0.057,1
"2025-09-13 06:00:00",212,13.2,14.51,55,73.99,74,203,36593,11.02,0.75,51065,152829,-1,0,212,29480,310.9,12253,-77,13,44.04322,-68.89205,5,0.057,1
"2025-09-13 07:00:00",213,13.4,17.46,53,63.81,64,203,36593,11.02,0.75,51065,153549,-1,0,213,29480,381,12323,-87,4,44.04327,-68.89211,5,0.057,1
"2025-09-13 08:00:00",214,13.59,21.54,51,-76.16,-76,204,36593,11.02,0.75,51065,154269,-1,0,214,29480,428.3,12371,-87,4,44.04331,-68.89212,5,0.057,1
"2025-09-13 09:00:00",215,13.66,22.78,53,-188.8,-35,212,36593,11.02,0.75,51065,154989,-1,0,215,29480,477.4,12420,-83,13,44.04329,-68.8922,8,0.058,1
"2025-09-13 10:00:00",216,13.66,22.44,53,-34.96,-3,203,36593,11.02,0.75,51065,155709,-1,0,216,29480,544.9,12487,-91,4,44.04325,-68.89223,5,0.059,1
"2025-09-13 11:00:00",217,13.67,22.92,52,-3.025,-3,204,36593,11.02,0.75,51065,156429,-1,0,217,29480,562.3,12505,-85,13,44.04333,-68.8922,4,0.061,1
"2025-09-13 12:00:00",218,13.67,22.14,53,-21,-21,203,36593,11.02,0.75,51065,157149,-1,0,218,29480,568.3,12511,0,4,44.04333,-68.89224,4,0.061,1
"2025-09-13 13:00:00",219,13.66,22.6,53,-24.01,-24,203,36593,11.02,0.75,51065,157869,-1,0,219,29480,577,12520,0,4,44.04333,-68.89223,5,0.061,1
"2025-09-13 14:00:00",220,13.66,22.82,51,-34,-34,204,36593,11.02,0.75,51065,158589,-1,0,220,29480,601.5,12544,-51,13,44.04333,-68.89223,4,0.061,1
"2025-09-13 15:00:00",221,13.66,22.01,51,-33.98,-20,204,36593,11.02,0.75,51065,159309,-1,0,221,29480,664.5,12607,-83,13,44.04326,-68.89226,5,0.043,1
"2025-09-13 16:00:00",222,13.66,21.43,51,-19.98,-7,204,36593,11.02,0.75,51065,160029,-1,0,222,29480,721.6,12664,-77,13,44.04329,-68.89216,4,0.043,1
"2025-09-13 17:00:00",223,13.65,20.78,52,-6.986,3,203,36593,11.02,0.75,51065,160749,-1,0,223,29480,780.3,12723,-79,13,44.0433,-68.89212,4,0.031,1
"2025-09-13 18:00:00",224,13.59,19.18,52,3.096,72,204,36593,11.02,0.75,51065,161469,-1,0,224,29480,833,12776,-79,13,44.04328,-68.89208,4,0.031,1
"2025-09-13 19:00:00",225,13.4,17.53,53,71.99,72,204,36593,11.02,0.75,51065,162189,-1,0,225,29480,891,12833,-77,13,44.04327,-68.89207,4,0.019,1
"2025-09-13 20:00:00",226,13.28,17.61,54,67.97,68,210,36593,11.02,0.75,51065,162909,-1,0,226,29480,951,12894,-77,13,44.04333,-68.89207,4,0.019,1
"2025-09-13 21:00:00",227,13.23,17.05,54,44.02,55,210,36593,11.02,0.75,51065,163629,-1,0,227,29480,1052,12994,-85,4,44.04333,-68.89217,5,0.019,1
"2025-09-13 22:00:00",228,13.23,17.12,53,55,55,212,36593,11.02,0.75,51065,164349,-1,0,228,29480,1101,13043,-81,13,44.04329,-68.89221,5,0.019,1
"2025-09-13 23:00:00",229,13.22,17.24,53,54.98,55,204,36593,11.02,0.75,51065,165069,-1,0,229,29480,1162,13104,-81,13,44.04329,-68.89223,4,0.016,1
"2025-09-14 00:00:00",230,13.23,17.02,54,41.01,47,212,36593,11.02,0.75,51065,165789,-1,0,230,29480,0,13135,0,13,44.04333,-68.89222,5,0.016,1
"2025-09-14 01:00:00",231,13.22,16.59,54,47.03,65,204,36593,11.02,0.75,51065,166509,-1,0,231,29480,8,13143,0,4,44.04333,-68.89223,6,0.016,1
"2025-09-14 02:00:00",232,13.22,16.72,55,64.98,65,210,36593,11.02,0.75,51065,167229,-1,0,232,29480,14.24,13150,-51,4,44.04334,-68.89222,6,0.016,1
"2025-09-14 03:00:00",233,13.2,16.88,54,47.02,58,204,36593,11.02,0.75,51065,167949,-1,0,233,29480,44.32,13180,-81,13,44.04333,-68.89222,6,0.01,1
"2025-09-14 04:00:00",234,13.22,16.93,54,58,59,203,36593,11.02,0.75,51065,168669,-1,0,234,29480,108.5,13244,-81,13,44.04332,-68.89223,4,0.01,1
"2025-09-14 05:00:00",235,13.22,17.15,54,59,62,211,36593,11.02,0.75,51065,169389,-1,0,235,29480,173.5,13309,-77,13,44.04335,-68.89216,4,-0.003,1
"2025-09-14 06:00:00",236,13.21,17.6,54,62.01,70,203,36593,11.02,0.75,51065,170109,-1,0,236,29480,229.6,13365,-83,13,44.04333,-68.89216,7,-0.003,1
"2025-09-14 07:00:00",237,13.24,18.17,54,69.97,70,204,36593,11.02,0.75,51065,170829,-1,0,237,29480,284.4,13420,-81,13,44.0433,-68.89214,6,-0.003,1
"2025-09-14 08:00:00",238,13.46,20.46,52,47.81,48,203,36593,11.02,0.75,51065,171549,-1,0,238,29480,336.5,13472,-81,13,"NAN","NAN",4,-0.003,1
"2025-09-14 09:00:00",239,13.57,22.16,51,-88.2,-88,203,36593,11.02,0.75,51065,172269,-1,0,239,29480,394.7,13530,-79,13,44.04329,-68.89213,4,-0.002,1
"2025-09-14 10:00:00",240,13.64,22.08,53,-223.7,2,204,36593,11.02,0.75,51065,172989,-1,0,240,29480,411.5,13547,-87,13,44.04334,-68.89218,5,-0.002,1
"2025-09-14 11:00:00",241,13.66,22.7,53,1.989,2,203,36593,11.02,0.75,51065,173709,-1,0,241,29480,419.9,13555,-87,4,44.04333,-68.89223,7,0.01,1
"2025-09-14 12:00:00",242,13.64,24.1,51,-5.992,0,210,36593,11.02,0.75,51065,174429,-1,0,242,29480,425.7,13561,-89,4,44.04329,-68.89222,4,0.01,1
"2025-09-14 13:00:00",243,13.57,26.37,52,0.011,8,203,36593,11.02,0.75,51065,175149,-1,0,243,29480,431.2,13567,-87,4,44.04333,-68.89223,4,0.01,1
"2025-09-14 14:00:00",244,13.58,24.7,51,7.947,8,204,36593,11.02,0.75,51065,175869,-1,0,244,29480,442.7,13578,-81,13,"NAN","NAN",4,0.01,1
"2025-09-14 15:00:00",245,13.61,23.8,51,-29.99,-20,211,36593,11.02,0.75,51065,176589,-1,0,245,29480,502.6,13638,-83,13,44.04333,-68.8922,4,0.01,1
"2025-09-14 16:00:00",246,13.6,23.84,51,-19.97,5,203,36593,11.02,0.75,51065,177309,-1,0,246,29480,567.8,13703,-81,13,44.04334,-68.89217,4,0.01,1
"2025-09-14 17:00:00",247,13.63,23.48,52,5.003,7,204,36593,11.02,0.75,51065,178029,-1,0,247,29480,620.5,13756,-83,13,"NAN","NAN",4,0.01,1
"2025-09-14 18:00:00",248,13.62,22.5,52,7.014,17,204,36593,11.02,0.75,51065,178749,-1,0,248,29480,680.3,13816,-77,13,44.04333,-68.89217,4,0.01,1
"2025-09-14 19:00:00",249,13.51,19.72,53,17.06,59,204,36593,11.02,0.75,51065,179469,-1,0,249,29480,724.1,13859,-87,13,44.04328,-68.89214,5,0.01,1
"2025-09-14 20:00:00",250,13.33,18.26,54,59.01,64,203,36593,11.02,0.75,51065,180189,-1,0,250,29480,789.8,13925,0,4,44.04329,-68.89211,5,0.015,1
"2025-09-14 21:00:00",251,13.25,17.4,54,64.02,77,204,36593,11.02,0.75,51065,180909,-1,0,251,29480,816,13951,-77,13,44.0433,-68.89209,6,0.015,1
"2025-09-14 22:00:00",252,13.23,17.54,54,76.99,77,204,36593,11.02,0.75,51065,181629,-1,0,252,29480,897,14032,-79,13,44.04329,-68.89218,7,0.023,1
"2025-09-14 23:00:00",253,13.23,16.66,54,70,70,203,36593,11.02,0.75,51065,182349,-1,0,253,29480,958,14093,-87,4,44.04325,-68.89218,4,0.028,1
"2025-09-15 00:00:00",254,13.23,17.15,54,69.99,70,204,36593,11.02,0.75,51065,183069,-1,0,254,29480,0,14154,-77,13,44.04325,-68.8922,6,0.037,1
"2025-09-15 01:00:00",255,13.21,17.17,55,62.01,72,204,36593,11.02,0.75,51065,183789,-1,0,255,29480,27.92,14182,0,13,44.04333,-68.89225,4,0.037,1
"2025-09-15 02:00:00",256,13.23,16.96,55,71.97,72,203,36593,11.02,0.75,51065,184509,-1,0,256,29480,35.6,14190,0,13,44.04327,-68.89223,4,0.045,1
"2025-09-15 03:00:00",257,13.22,16.88,55,48,48,203,36593,11.02,0.75,51065,185229,-1,0,257,29480,73.33,14228,-89,4,44.04329,-68.89222,4,0.045,1
"2025-09-15 04:00:00",258,13.22,17.08,54,48.03,72,204,36593,11.02,0.75,51065,185949,-1,0,258,29480,126,14280,-77,13,44.04333,-68.89224,6,0.054,1
"2025-09-15 05:00:00",259,13.22,17.02,54,71.95,72,204,36593,11.02,0.75,51065,186669,-1,0,259,29480,187.6,14342,-79,13,44.0433,-68.89217,5,0.054,1
"2025-09-15 06:00:00",260,13.21,16.04,55,39.08,99,204,36593,11.02,0.75,51065,187389,-1,0,260,29480,276.2,14431,-91,4,44.04329,-68.8922,4,0.059,1
"2025-09-15 07:00:00",261,13.44,19.23,52,98.8,99,204,36593,11.02,0.75,51065,188109,-1,0,261,29480,357.5,14512,-85,4,44.0433,-68.8922,5,0.059,1
"2025-09-15 08:00:00",262,13.59,21.91,52,-75.16,-75,204,36593,11.02,0.75,51065,188829,-1,0,262,29480,426,14580,-51,4,44.04327,-68.89217,4,0.071,1
"2025-09-15 09:00:00",263,13.65,23.46,51,-187.8,-21,211,36593,11.02,0.75,51065,189549,-1,0,263,29480,495.6,14650,0,13,44.04328,-68.89214,4,0.085,1
"2025-09-15 10:00:00",264,13.6,23.41,52,-20.97,3,203,36593,11.02,0.75,51065,190269,-1,0,264,29480,555.3,14710,-77,13,44.04329,-68.89217,4,0.091,1
"2025-09-15 11:00:00",265,13.57,27.8,49,3.043,34,211,36593,11.02,0.75,51065,190989,-1,0,265,29480,620.4,14775,-79,13,44.04327,-68.8922,4,0.092,1
"2025-09-15 12:00:00",266,13.55,26.42,50,33.96,34,204,36593,11.02,0.75,51065,191709,-1,0,266,29480,672.7,14827,-83,4,44.0433,-68.89219,5,0.096,1
"2025-09-15 13:00:00",267,13.57,24.16,51,1.931,2,203,36593,11.02,0.75,51065,192429,-1,0,267,29480,722.5,14877,0,4,44.04328,-68.89223,4,0.097,1
"2025-09-15 14:00:00",268,13.61,24.03,52,-47.97,-29,204,36593,11.02,0.75,51065,193149,-1,0,268,29480,731.2,14886,-83,4,44.04332,-68.89225,6,0.097,1
"2025-09-15 15:00:00",269,13.61,25.68,51,-28.98,-14,203,36593,11.02,0.75,51065,193869,-1,0,269,29480,737.8,14892,-79,4,44.04334,-68.89222,4,0.096,1
"2025-09-15 16:00:00",270,13.6,24.6,51,-14,-14,204,36593,11.02,0.75,51065,194589,-1,0,270,29480,801,14956,-91,4,44.04333,-68.89223,4,0.096,1
"2025-09-15 17:00:00",271,13.6,22.55,52,-13.98,-2,203,36593,11.02,0.75,51065,195309,-1,0,271,29480,869,15023,-89,4,44.04336,-68.8922,4,0.096,1
"2025-09-15 18:00:00",272,13.65,21.76,52,-2.033,-2,203,36593,11.02,0.75,51065,196029,-1,0,272,29480,928,15082,0,4,44.04332,-68.8922,4,0.096,1
"2025-09-15 19:00:00",273,13.5,18.87,53,-25.86,72,211,36593,11.02,0.75,51065,196749,-1,0,273,29480,994,15148,-89,4,44.04334,-68.89217,4,0.096,1
"2025-09-15 20:00:00",274,13.34,17.69,54,71.98,72,211,36593,11.02,0.75,51065,197469,-1,0,274,29480,1016,15171,0,4,44.04338,-68.89217,4,0.089,1
"2025-09-15 21:00:00",275,13.25,17.16,55,61.01,65,204,36593,11.02,0.75,51065,198189,-1,0,275,29480,1025,15180,0,4,44.04328,-68.89207,5,0.089,1
"2025-09-15 22:00:00",276,13.23,16.37,54,64.97,65,204,36593,11.02,0.75,51065,198909,-1,0,276,29480,1038,15192,-77,13,44.04332,-68.89211,6,0.089,1
"2025-09-15 23:00:00",277,13.22,15.95,54,42.01,49,204,36593,11.02,0.75,51065,199629,-1,0,277,29480,1069,15224,-83,13,44.04336,-68.89207,5,0.09,1
"2025-09-16 00:00:00",278,13.22,16.53,54,49.04,81,204,36593,11.02,0.75,51065,200349,-1,0,278,29480,0.034,15270,-83,13,44.04332,-68.89219,7,0.09,1
"2025-09-16 01:00:00",279,13.22,15.91,54,81,81,212,36593,11.02,0.75,51065,201069,-1,0,279,29480,65.1,15335,-79,13,44.04326,-68.89247,4,0.09,1
"2025-09-16 02:00:00",280,13.22,16.01,55,64.97,65,204,36593,11.02,0.75,51065,201789,-1,0,280,29480,116,15386,-91,4,44.04326,-68.89224,4,0.09,1
"2025-09-16 03:00:00",281,13.21,15.91,55,40.01,45,204,36593,11.02,0.75,51065,202509,-1,0,281,29480,124.3,15394,0,4,44.04344,-68.89225,4,0.09,1
"2025-09-16 04:00:00",282,13.21,15.59,55,45,48,210,36593,11.02,0.75,51065,203229,-1,0,282,29480,132.7,15403,-87,4,44.04333,-68.89224,5,0.09,1
"2025-09-16 05:00:00",283,13.21,15.33,55,48,48,203,36593,11.02,0.75,51065,203949,-1,0,283,29480,184.2,15454,-91,4,44.04332,-68.89225,5,0.09,1
"2025-09-16 06:00:00",284,13.2,14.9,55,46.02,61,204,36593,11.02,0.75,51065,204669,-1,0,284,29480,250.5,15521,-89,4,44.04331,-68.89221,5,0.09,1
"2025-09-16 07:00:00",285,13.52,17.74,52,60.62,61,204,36593,11.02,0.75,51065,205389,-1,0,285,29480,307.9,15578,-89,4,44.04335,-68.89219,4,0.09,1
"2025-09-16 08:00:00",286,13.47,20.25,52,-214.8,-68,204,36593,11.02,0.75,51065,206109,-1,0,286,29480,368.2,15638,-75,13,44.04333,-68.89218,5,0.09,1
"2025-09-16 09:00:00",287,13.48,24.81,50,-68,-68,204,36593,11.02,0.75,51065,206829,-1,0,287,29480,425.9,15696,-79,13,44.0433,-68.89214,4,0.091,1
"2025-09-16 10:00:00",288,13.68,23.44,52,-69.81,66,210,36593,11.02,0.75,51065,207549,-1,0,288,29480,515.5,15786,-83,13,44.0433,-68.89211,5,0.098,1
"2025-09-16 11:00:00",289,13.61,25.05,51,65.93,66,204,36593,11.02,0.75,51065,208269,-1,0,289,29480,553.7,15824,-81,13,44.04333,-68.89205,4,0.102,1
"2025-09-16 12:00:00",290,13.57,28.2,49,14.04,41,204,36593,11.02,0.75,51065,208989,-1,0,290,29480,612,15882,-81,13,44.04328,-68.89213,4,0.104,1
"2025-09-16 13:00:00",291,13.51,30.34,47,41,41,203,36593,11.02,0.75,51065,209709,-1,0,291,29480,680.4,15950,-79,13,44.04327,-68.8922,4,0.104,1
"2025-09-16 14:00:00",292,13.51,27.74,50,37.93,38,210,36593,11.02,0.75,51065,210429,-1,0,292,29480,722.1,15992,0,13,44.04329,-68.89223,5,0.102,1
"2025-09-16 15:00:00",293,13.56,26.31,51,-15.02,-15,212,36593,11.02,0.75,51065,211149,-1,0,293,29480,730.1,16000,0,4,44.04332,-68.89225,7,0.1,1
"2025-09-16 16:00:00",294,13.57,24.04,51,-26.93,26,204,36593,11.02,0.75,51065,211869,-1,0,294,29480,776.3,16046,-87,4,44.04325,-68.89226,4,0.1,1
"2025-09-16 17:00:00",295,13.61,23.44,52,25.93,26,210,36593,11.02,0.75,51065,212589,-1,0,295,29480,828,16098,-83,4,44.04335,-68.89225,5,0.1,1
"2025-09-16 18:00:00",296,13.66,21.61,52,-26.01,-26,204,36593,11.02,0.75,51065,213309,-1,0,296,29480,891,16161,-83,4,44.04334,-68.89217,4,0.1,1
"2025-09-16 19:00:00",297,13.49,19.43,53,-35.85,69,203,36593,11.02,0.75,51065,214029,-1,0,297,29480,948,16218,-79,13,44.04333,-68.89217,4,0.089,1
"2025-09-16 20:00:00",298,13.33,17.74,54,69.01,76,204,36593,11.02,0.75,51065,214749,-1,0,298,29480,998,16268,0,4,44.04332,-68.89217,4,0.089,1
"2025-09-16 21:00:00",299,13.26,17.11,55,75.99,76,204,36593,11.02,0.75,51065,215469,-1,0,299,29480,1022,16292,-81,13,44.04333,-68.89214,6,0.082,1
"2025-09-16 22:00:00",300,13.23,16.37,54,70,70,204,36593,11.02,0.75,51065,216189,-1,0,300,29480,1048,16318,-89,4,44.04338,-68.89225,5,0.082,1
"2025-09-16 23:00:00",301,13.22,16.2,55,68.99,69,204,36593,11.02,0.75,51065,216909,-1,0,301,29480,1085,16355,-79,13,44.0433,-68.89211,4,0.082,1
"2025-09-17 00:00:00",302,13.2,16.24,54,60.05,95,204,36593,11.02,0.75,51065,217629,-1,0,302,29480,0,16418,-79,13,44.04333,-68.89212,6,0.082,1
"2025-09-17 01:00:00",303,13.22,16.21,55,95,95,203,36593,11.02,0.75,51065,218349,-1,0,303,29480,66.23,16484,-87,4,44.04329,-68.89218,4,0.081,1
"2025-09-17 02:00:00",304,13.22,15.99,55,79.96,80,210,36593,11.02,0.75,51065,219069,-1,0,304,29480,130.8,16549,-81,13,44.04323,-68.89216,5,0.081,1
"2025-09-17 03:00:00",305,13.21,15.64,55,48,50,203,36593,11.02,0.75,51065,219789,-1,0,305,29480,195.8,16614,-85,4,44.04328,-68.89219,4,0.072,1
"2025-09-17 04:00:00",306,13.21,15.73,55,50,50,203,36593,11.02,0.75,51065,220509,-1,0,306,29480,211.6,16630,0,4,44.04332,-68.89222,5,0.072,1
"2025-09-17 05:00:00",307,13.21,15.48,55,47,47,204,36593,11.02,0.75,51065,221229,-1,0,307,29480,232.7,16651,-87,4,44.04333,-68.89224,7,0.072,1
"2025-09-17 06:00:00",308,13.21,15.55,55,46.99,47,211,36593,11.02,0.75,51065,221949,-1,0,308,29480,288.2,16706,-85,4,44.04333,-68.89224,6,0.072,1
"2025-09-17 07:00:00",309,13.39,17.35,53,38.82,39,204,36593,11.02,0.75,51065,222669,-1,0,309,29480,343.8,16762,-77,13,44.04333,-68.8922,6,0.069,1
"2025-09-17 08:00:00",310,13.46,20.74,52,-89,-73,203,36593,11.02,0.75,51065,223389,-1,0,310,29480,412.1,16830,-79,13,44.04332,-68.89219,6,0.069,1
"2025-09-17 09:00:00",311,13.48,21.95,51,-73,-73,203,36593,11.02,0.75,51065,224109,-1,0,311,29480,469.6,16888,-81,13,44.04332,-68.8922,4,0.069,1
"2025-09-17 10:00:00",312,13.63,23.74,51,-74.9,0,204,36593,11.02,0.75,51065,224829,-1,0,312,29480,524.8,16943,-77,13,44.04337,-68.89219,4,0.071,1
"2025-09-17 11:00:00",313,13.54,27.95,50,0.026,19,203,36593,11.02,0.75,51065,225549,-1,0,313,29480,591.5,17010,-85,4,44.04329,-68.89213,4,0.071,1
"2025-09-17 12:00:00",314,13.53,26.9,50,18.98,19,203,36593,11.02,0.75,51065,226269,-1,0,314,29480,651.1,17069,-79,4,44.04331,-68.89209,4,0.071,1
"2025-09-17 13:00:00",315,13.6,24.96,52,7.996,8,204,36593,11.02,0.75,51065,226989,-1,0,315,29480,697.7,17116,0,4,44.04332,-68.89214,4,0.071,1
"2025-09-17 14:00:00",316,13.61,25.8,50,4.968,5,203,36593,11.02,0.75,51065,227709,-1,0,316,29480,742.1,17160,-83,13,44.04325,-68.89223,4,0.071,1
"2025-09-17 15:00:00",317,13.59,26.13,51,-17.98,-5,204,36593,11.02,0.75,51065,228429,-1,0,317,29480,780.7,17199,-85,13,44.04332,-68.89224,6,0.067,1
"2025-09-17 16:00:00",318,13.61,25.27,52,-5.028,-5,203,36593,11.02,0.75,51065,229149,-1,0,318,29480,804,17222,-91,4,44.04337,-68.89223,4,0.067,1
"2025-09-17 17:00:00",319,13.61,21.98,52,-25,-25,204,36593,11.02,0.75,51065,229869,-1,0,319,29480,865,17283,-87,4,44.04334,-68.89224,5,0.059,1
"2025-09-17 18:00:00",320,13.62,19.66,53,-27.93,19,209,36593,11.02,0.75,51065,230589,-1,0,320,29480,900,17318,-87,4,44.04335,-68.89223,4,0.059,1
"2025-09-17 19:00:00",321,13.37,18.69,53,19.05,57,203,36593,11.02,0.75,51065,231309,-1,0,321,29480,966,17384,-87,4,44.04333,-68.89222,6,0.041,1
"2025-09-17 20:00:00",322,13.3,18.01,54,56.98,57,211,36593,11.02,0.75,51065,232029,-1,0,322,29480,1031,17449,-75,13,44.04332,-68.89222,4,0.041,1
"2025-09-17 21:00:00",323,13.24,17.82,54,46.03,64,203,36593,11.02,0.75,51065,232749,-1,0,323,29480,1105,17524,-75,13,44.04332,-68.89217,5,0.035,1
"2025-09-17 22:00:00",324,13.23,18.03,54,63.99,64,203,36593,11.02,0.75,51065,233469,-1,0,324,29480,1165,17583,-81,13,44.04332,-68.89216,6,0.035,1
"2025-09-17 23:00:00",325,13.23,18.61,54,55.01,60,204,36593,11.02,0.75,51065,234189,-1,0,325,29480,1220,17638,-77,13,44.04332,-68.89211,4,0.021,1
"2025-09-18 00:00:00",326,13.23,17.6,54,60.01,68,204,36593,11.02,0.75,51065,234909,-1,0,326,29480,0,17698,-83,13,44.04333,-68.89213,5,0.021,1
"2025-09-18 01:00:00",327,13.21,17.71,55,68.07,121,204,36593,11.02,0.75,51065,235629,-1,0,327,29480,62.49,17760,-79,13,44.04324,-68.89206,4,0.02,1
"2025-09-18 02:00:00",328,13.21,17.53,55,121,121,203,36593,11.02,0.75,51065,236349,-1,0,328,29480,128.2,17826,-81,13,44.04329,-68.8922,6,0.02,1
"2025-09-18 03:00:00",329,13.22,17.47,54,87,87,204,36593,11.02,0.75,51065,237069,-1,0,329,29480,194,17892,-77,13,44.04329,-68.89221,4,0.009,1
"2025-09-18 04:00:00",330,13.22,17.55,54,69.97,70,204,36593,11.02,0.75,51065,237789,-1,0,330,29480,246.1,17944,-85,13,44.04331,-68.89224,4,0.007,1
"2025-09-18 05:00:00",331,13.23,17.34,55,47.99,48,204,36593,11.02,0.75,51065,238509,-1,0,331,29480,296.9,17995,-89,13,44.04334,-68.89224,6,0.007,1
"2025-09-18 06:00:00",332,13.19,17.23,55,42.08,103,204,36593,11.02,0.75,51065,239229,-1,0,332,29480,305.2,18003,-89,13,44.04335,-68.89224,4,-0.002,1
"2025-09-18 07:00:00",333,13.23,17.81,54,102.9,103,204,36593,11.02,0.75,51065,239949,-1,0,333,29480,311.9,18010,0,13,44.04334,-68.89223,5,-0.002,1
"2025-09-18 08:00:00",334,13.28,18.22,53,45.94,46,204,36593,11.02,0.75,51065,240669,-1,0,334,29480,362.4,18060,-83,13,44.04329,-68.89222,4,-0.007,1
"2025-09-18 09:00:00",335,13.43,20.55,52,5.885,6,203,36593,11.02,0.75,51065,241389,-1,0,335,29480,420.4,18118,-83,13,44.04332,-68.89219,4,-0.007,1
"2025-09-18 10:00:00",336,13.47,21.14,52,-76.98,-66,204,36593,11.02,0.75,51065,242109,-1,0,336,29480,484.1,18182,-79,13,44.04332,-68.89217,7,-0.013,1
"2025-09-18 11:00:00",337,13.71,23.64,50,-66.34,-66,211,36593,11.02,0.75,51065,242829,-1,0,337,29480,547.6,18245,-91,4,44.04332,-68.89208,4,-0.013,1
"2025-09-18 12:00:00",338,13.63,24.8,51,-310.6,-4,204,36593,11.02,0.75,51065,243549,-1,0,338,29480,602.8,18300,-75,13,44.0433,-68.89211,4,-0.015,1
"2025-09-18 13:00:00",339,13.58,26.06,51,-4.032,-4,204,36593,11.02,0.75,51065,244269,-1,0,339,29480,662.5,18360,-85,13,44.04329,-68.89211,6,-0.015,1
"2025-09-18 14:00:00",340,13.56,26.56,50,-26.94,15,204,36593,11.02,0.75,51065,244989,-1,0,340,29480,733.5,18431,-81,13,44.04336,-68.89217,4,-0.022,1
"2025-09-18 15:00:00",341,13.58,25.95,50,14.98,15,211,36593,11.02,0.75,51065,245709,-1,0,341,29480,808,18505,0,13,44.0433,-68.89222,4,-0.022,1
"2025-09-18 16:00:00",342,13.61,23.38,52,2.965,3,204,36593,11.02,0.75,51065,246429,-1,0,342,29480,867,18565,-51,4,44.04329,-68.89211,4,-0.033,1
"2025-09-18 17:00:00",343,13.61,25.66,51,-22,-22,203,36593,11.02,0.75,51065,247149,-1,0,343,29480,875,18573,0,4,44.04334,-68.89227,6,-0.033,1
"2025-09-18 18:00:00",344,13.57,20.87,54,-22.91,43,204,36593,11.02,0.75,51065,247869,-1,0,344,29480,884,18582,-91,4,44.04342,-68.8923,4,-0.05,1
"2025-09-18 19:00:00",345,13.37,18.89,53,42.99,43,204,36593,11.02,0.75,51065,248589,-1,0,345,29480,912,18610,-81,13,44.04331,-68.89226,5,-0.05,1
"2025-09-18 20:00:00",346,13.25,17.78,54,39.05,73,210,36593,11.02,0.75,51065,249309,-1,0,346,29480,967,18665,-77,13,44.04338,-68.89223,4,-0.054,1
"2025-09-18 21:00:00",347,13.23,17.67,54,72.98,73,211,36593,11.02,0.75,51065,250029,-1,0,347,29480,1037,18735,-75,13,44.04338,-68.89214,4,-0.054,1
"2025-09-18 22:00:00",348,13.24,17.43,55,59.01,69,204,36593,11.02,0.75,51065,250749,-1,0,348,29480,1110,18808,-85,13,44.04338,-68.89214,4,-0.054,1
"2025-09-18 23:00:00",349,13.23,17.43,55,69,69,211,36593,11.02,0.75,51065,251469,-1,0,349,29480,1128,18825,-81,13,44.0433,-68.89214,4,-0.054,1
"2025-09-19 00:00:00",350,13.21,17.75,55,68.03,87,203,36593,11.02,0.75,51065,252189,-1,0,350,29480,0,18868,-85,13,44.04333,-68.89214,5,-0.063,1
"2025-09-19 01:00:00",351,13.23,17.79,55,87,87,204,36593,11.02,0.75,51065,252909,-1,0,351,29480,61.68,18930,-85,13,44.04336,-68.89217,4,-0.063,1
"2025-09-19 02:00:00",352,13.23,18.05,55,70.01,80,204,36593,11.02,0.75,51065,253629,-1,0,352,29480,122.3,18991,-85,13,44.04331,-68.89211,4,-0.064,1
"2025-09-19 03:00:00",353,13.23,18.37,55,80,92,211,36593,11.02,0.75,51065,254349,-1,0,353,29480,186.5,19055,-81,13,44.04332,-68.89218,4,-0.064,1
"2025-09-19 04:00:00",354,13.22,18.32,55,92,92,203,36593,11.02,0.75,51065,255069,-1,0,354,29480,250,19118,-83,13,44.04324,-68.89208,4,-0.073,1
"2025-09-19 05:00:00",355,13.22,18.28,54,82,82,204,36593,11.02,0.75,51065,255789,-1,0,355,29480,310.5,19179,-83,13,44.04333,-68.89223,4,-0.073,1
"2025-09-19 06:00:00",356,13.23,17.46,56,59.97,60,203,36593,11.02,0.75,51065,256509,-1,0,356,29480,404.1,19272,0,4,44.04333,-68.89223,5,-0.073,1
"2025-09-19 07:00:00",357,13.38,18.39,55,37.83,38,203,36593,11.02,0.75,51065,257229,-1,0,357,29480,410.9,19279,-51,4,44.04334,-68.89224,4,-0.073,1
"2025-09-19 08:00:00",358,13.4,21.72,52,-81.9,12,204,36593,11.02,0.75,51065,257949,-1,0,358,29480,435.8,19304,-87,13,44.04331,-68.89226,4,-0.073,1
"2025-09-19 09:00:00",359,13.49,24.07,51,11.83,12,204,36593,11.02,0.75,51065,258669,-1,0,359,29480,491.6,19360,-79,13,44.04332,-68.89219,5,-0.059,1
"2025-09-19 10:00:00",360,13.5,23.93,51,-106.9,-58,204,36593,11.02,0.75,51065,259389,-1,0,360,29480,572.8,19441,-83,13,44.04325,-68.89214,5,-0.059,1
"2025-09-19 11:00:00",361,13.6,24.54,51,-57.93,-9,211,36593,11.02,0.75,51065,260109,-1,0,361,29480,619.1,19487,-85,13,44.04329,-68.89217,4,-0.044,1
"2025-09-19 12:00:00",362,13.61,26.41,49,-9,-8,204,36593,11.02,0.75,51065,260829,-1,0,362,29480,686.2,19554,0,13,44.04331,-68.8922,4,-0.044,1
"2025-09-19 13:00:00",363,13.58,24.69,50,-7.992,-2,204,36593,11.02,0.75,51065,261549,-1,0,363,29480,737.1,19605,-85,13,44.04333,-68.89217,4,-0.042,1
"2025-09-19 14:00:00",364,13.61,24.61,51,-1.963,25,204,36593,11.02,0.75,51065,262269,-1,0,364,29480,807,19675,-83,13,44.04333,-68.89207,4,-0.042,1
"2025-09-19 15:00:00",365,13.61,25.2,50,25,25,203,36593,11.02,0.75,51065,262989,-1,0,365,29480,893,19761,-87,4,44.04329,-68.89211,4,-0.041,1
"2025-09-19 16:00:00",366,13.61,25.68,51,21.99,22,203,36593,11.02,0.75,51065,263709,-1,0,366,29480,967,19835,-87,4,44.04325,-68.89219,4,-0.041,1
"2025-09-19 17:00:00",367,13.61,25.85,51,14.97,15,203,36593,11.02,0.75,51065,264429,-1,0,367,29480,1035,19903,-85,4,44.04321,-68.89218,4,-0.04,1
"2025-09-19 18:00:00",368,13.61,24.03,53,-3.994,0,211,36593,11.02,0.75,51065,265149,-1,0,368,29480,1097,19966,-85,13,44.04326,-68.89221,4,-0.031,1
"2025-09-19 19:00:00",369,13.46,20.28,55,0.114,82,203,36593,11.02,0.75,51065,265869,-1,0,369,29480,1170,20038,0,4,44.04326,-68.89221,4,-0.027,1
"2025-09-19 20:00:00",370,13.31,19.79,55,82,95,211,36593,11.02,0.75,51065,266589,-1,0,370,29480,1213,20081,-81,13,44.04332,-68.89222,5,-0.027,1
"2025-09-19 21:00:00",371,13.25,18.95,55,95,95,211,36593,11.02,0.75,51065,267309,-1,0,371,29480,1276,20144,-81,4,44.04326,-68.89219,5,-0.016,1
"2025-09-19 22:00:00",372,13.22,18.08,53,76.02,87,204,36593,11.02,0.75,51065,268029,-1,0,372,29480,1324,20193,-91,4,44.04326,-68.89219,5,-0.006,1
"2025-09-19 23:00:00",373,13.23,17.22,54,87,87,203,36593,11.02,0.75,51065,268749,-1,0,373,29480,1380,20248,-91,4,44.04324,-68.89211,4,0.008,1
"2025-09-20 00:00:00",374,13.22,16.43,54,73.99,74,204,36593,11.02,0.75,51065,269469,-1,0,374,29480,0,20308,-91,4,44.04325,-68.89216,4,0.011,1
"2025-09-20 01:00:00",375,13.21,16.1,54,69.02,81,210,36593,11.02,0.75,51065,270189,-1,0,375,29480,61.98,20370,-87,4,44.04334,-68.89219,4,0.027,1
"2025-09-20 02:00:00",376,13.21,15.28,54,81,81,204,36593,11.02,0.75,51065,270909,-1,0,376,29480,101.1,20409,-77,13,44.04333,-68.89213,4,0.027,1
"2025-09-20 03:00:00",377,13.19,14.56,54,75.02,89,204,36593,11.02,0.75,51065,271629,-1,0,377,29480,162.7,20470,-81,13,44.04324,-68.89218,5,0.035,1
"2025-09-20 04:00:00",378,13.2,14.05,54,89,89,203,36593,11.02,0.75,51065,272349,-1,0,378,29480,229.7,20537,-79,13,44.0432,-68.89224,4,0.04,1
"2025-09-20 05:00:00",379,13.19,13.53,55,64.01,72,211,36593,11.02,0.75,51065,273069,-1,0,379,29480,291,20599,-81,13,44.0433,-68.89224,4,0.054,1
"2025-09-20 06:00:00",380,13.18,12.69,55,71.99,72,210,36593,11.02,0.75,51065,273789,-1,0,380,29480,363,20671,-87,4,44.04328,-68.89226,4,0.054,1
"2025-09-20 07:00:00",381,13.43,13.85,54,61.79,62,210,36593,11.02,0.75,51065,274509,-1,0,381,29480,371.2,20679,-81,13,44.04321,-68.89219,5,0.061,1
"2025-09-20 08:00:00",382,13.67,16.99,54,-92.2,-92,204,36593,11.02,0.75,51065,275229,-1,0,382,29480,381.6,20689,-81,13,44.04326,-68.8923,5,0.066,1
"2025-09-20 09:00:00",383,13.76,19.44,52,-232.8,-72,203,36593,11.02,0.75,51065,275949,-1,0,383,29480,397.1,20705,-85,13,44.04329,-68.89223,5,0.079,1
"2025-09-20 10:00:00",384,13.69,21.28,50,-71.9,-3,204,36593,11.02,0.75,51065,276669,-1,0,384,29480,455.6,20763,-79,13,44.04327,-68.89219,4,0.083,1
"2025-09-20 11:00:00",385,13.67,22.53,49,-2.994,1,204,36593,11.02,0.75,51065,277389,-1,0,385,29480,511.2,20819,-89,13,44.04331,-68.89219,5,0.09,1
"2025-09-20 12:00:00",386,13.65,23.34,48,1.004,4,210,36593,11.02,0.75,51065,278109,-1,0,386,29480,558.1,20866,-85,13,44.04329,-68.89218,5,0.092,1
"2025-09-20 13:00:00",387,13.68,19.99,51,3.978,4,204,36593,11.02,0.75,51065,278829,-1,0,387,29480,623.5,20931,-87,4,44.04328,-68.89216,5,0.092,1
"2025-09-20 14:00:00",388,13.7,20.01,51,-12.01,-12,204,36593,11.02,0.75,51065,279549,-1,0,388,29480,679.9,20988,-79,13,44.04323,-68.89206,4,0.092,1
"2025-09-20 15:00:00",389,13.71,19.75,51,-17.99,-8,203,36593,11.02,0.75,51065,280269,-1,0,389,29480,723.5,21031,0,13,44.04331,-68.89211,5,0.092,1
"2025-09-20 16:00:00",390,13.71,19.43,52,-8.01,-8,203,36593,11.02,0.75,51065,280989,-1,0,390,29480,781.4,21089,-83,13,44.04333,-68.89209,4,0.092,1
"2025-09-20 17:00:00",391,13.72,20.21,52,-12.01,-12,210,36593,11.02,0.75,51065,281709,-1,0,391,29480,846,21154,-77,13,44.04338,-68.89212,4,0.092,1
"2025-09-20 18:00:00",392,13.7,18.81,52,-20.99,-17,204,36593,11.02,0.75,51065,282429,-1,0,392,29480,876,21184,0,13,44.0433,-68.8922,6,0.092,1
"2025-09-20 19:00:00",393,13.53,16.88,54,-16.93,30,203,36593,11.02,0.75,51065,283149,-1,0,393,29480,930,21238,-51,13,44.04335,-68.89222,4,0.092,1
"2025-09-20 20:00:00",394,13.35,16.14,55,30.02,42,204,36593,11.02,0.75,51065,283869,-1,0,394,29480,958,21266,-51,4,44.0433,-68.8922,6,0.092,1
"2025-09-20 21:00:00",395,13.23,16.56,54,42.05,78,204,36593,11.02,0.75,51065,284589,-1,0,395,29480,1022,21330,-75,13,44.0433,-68.8922,6,0.092,1
"2025-09-20 22:00:00",396,13.19,15.87,54,78.01,87,204,36593,11.02,0.75,51065,285309,-1,0,396,29480,1084,21392,-79,13,44.04331,-68.89213,4,0.096,1
"2025-09-20 23:00:00",397,13.22,15.64,54,86.9,87,203,36593,11.02,0.75,51065,286029,-1,0,397,29480,1148,21455,-83,13,44.04331,-68.89213,4,0.098,1
"2025-09-21 00:00:00",398,13.21,16.24,54,43.06,88,203,36593,11.02,0.75,51065,286749,-1,0,398,29480,0,21528,-85,13,44.04323,-68.89216,4,0.098,1
"2025-09-21 01:00:00",399,13.21,15.35,56,88,88,211,36593,11.02,0.75,51065,287469,-1,0,399,29480,59.79,21588,-87,4,44.04329,-68.89216,5,0.108,1
"2025-09-21 02:00:00",400,13.19,15.11,55,76.04,103,203,36593,11.02,0.75,51065,288189,-1,0,400,29480,70.31,21598,-85,13,44.04328,-68.89214,6,0.108,1
"2025-09-21 03:00:00",401,13.18,14.15,55,103,129,204,36593,11.02,0.75,51065,288909,-1,0,401,29480,127.8,21656,-81,13,44.04327,-68.89213,4,0.109,1
"2025-09-21 04:00:00",402,13.18,14.19,55,128.9,129,204,36593,11.02,0.75,51065,289629,-1,0,402,29480,192.7,21721,-81,13,44.04322,-68.89211,5,0.113,1
"2025-09-21 05:00:00",403,13.19,13.66,55,88,88,204,36593,11.02,0.75,51065,290349,-1,0,403,29480,253.9,21782,-77,13,44.04323,-68.89219,5,0.114,1
"2025-09-21 06:00:00",404,13.17,13.24,55,67,68,204,36593,11.02,0.75,51065,291069,-1,0,404,29480,315.3,21843,0,4,44.04328,-68.89224,6,0.12,1
"2025-09-21 07:00:00",405,13.43,15.03,55,67.8,68,203,36593,11.02,0.75,51065,291789,-1,0,405,29480,323.6,21852,-83,13,44.04333,-68.89227,5,0.121,1
"2025-09-21 08:00:00",406,13.6,17.68,54,-78.18,-78,203,36593,11.02,0.75,51065,292509,-1,0,406,29480,331.6,21860,0,4,44.04329,-68.89226,6,0.125,1
"2025-09-21 09:00:00",407,13.74,18.64,55,-203.8,-42,211,36593,11.02,0.75,51065,293229,-1,0,407,29480,337.3,21865,-87,13,44.0433,-68.89223,4,0.13,1
"2025-09-21 10:00:00",408,13.71,20.27,54,-41.96,-12,203,36593,11.02,0.75,51065,293949,-1,0,408,29480,358.6,21887,-75,13,44.04329,-68.89224,6,0.13,1
"2025-09-21 11:00:00",409,13.69,21.66,52,-12.02,-12,204,36593,11.02,0.75,51065,294669,-1,0,409,29480,408.9,21937,-83,13,44.04332,-68.89222,5,0.135,1
"2025-09-21 12:00:00",410,13.69,21.79,53,-27,-26,203,36593,11.02,0.75,51065,295389,-1,0,410,29480,469.4,21997,-79,13,44.04329,-68.8922,4,0.135,1
"2025-09-21 13:00:00",411,13.66,22.46,50,-25.96,0,203,36593,11.02,0.75,51065,296109,-1,0,411,29480,528.4,22056,-85,13,44.04332,-68.8922,4,0.136,1
"2025-09-21 14:00:00",412,13.66,20.52,53,0.003,2,204,36593,11.02,0.75,51065,296829,-1,0,412,29480,598.6,22127,-79,13,44.04331,-68.89216,5,0.136,1
"2025-09-21 15:00:00",413,13.69,21.23,53,1.956,2,210,36593,11.02,0.75,51065,297549,-1,0,413,29480,657.6,22186,-79,13,44.04331,-68.89213,5,0.136,1
"2025-09-21 16:00:00",414,13.69,22.08,51,-29.99,-20,203,36593,11.02,0.75,51065,298269,-1,0,414,29480,721,22249,-81,13,44.04331,-68.8922,4,0.122,1
"2025-09-21 17:00:00",415,13.69,21.84,52,-19.98,-4,211,36593,11.02,0.75,51065,298989,-1,0,415,29480,744.9,22273,-85,13,44.04333,-68.8922,5,0.122,1
"2025-09-21 18:00:00",416,13.69,21.21,53,-4.007,-4,203,36593,11.02,0.75,51065,299709,-1,0,416,29480,752.8,22281,0,13,44.04332,-68.89223,4,0.111,1
"2025-09-21 19:00:00",417,13.51,17.16,55,-8.91,54,204,36593,11.02,0.75,51065,300429,-1,0,417,29480,760.3,22288,-85,13,44.04331,-68.89223,5,0.111,1
"2025-09-21 20:00:00",418,13.34,16.08,55,53.97,54,204,36593,11.02,0.75,51065,301149,-1,0,418,29480,768.2,22296,0,13,44.04333,-68.89224,4,0.111,1
"2025-09-21 21:00:00",419,13.26,15.78,55,34.03,54,204,36593,11.02,0.75,51065,301869,-1,0,419,29480,774.7,22303,0,13,44.04332,-68.89228,6,0.111,1
"2025-09-21 22:00:00",420,13.22,16.03,55,54,54,210,36593,11.02,0.75,51065,302589,-1,0,420,29480,810,22338,-79,13,44.04328,-68.89223,7,0.092,1
"2025-09-21 23:00:00",421,13.21,16.13,55,52,54,204,36593,11.02,0.75,51065,303309,-1,0,421,29480,875,22403,-81,13,44.04333,-68.89216,4,0.092,1
"2025-09-22 00:00:00",422,13.21,16.53,55,54.01,58,204,36593,11.02,0.75,51065,304029,-1,0,422,29480,0,22448,-81,13,44.0433,-68.89218,4,0.082,1
"2025-09-22 01:00:00",423,13.22,15.97,55,58.02,69,204,36593,11.02,0.75,51065,304749,-1,0,423,29480,65.59,22513,-87,13,44.0433,-68.89217,5,0.082,1
"2025-09-22 02:00:00",424,13.22,15.61,56,69,72,204,36593,11.02,0.75,51065,305469,-1,0,424,29480,123.5,22571,-79,13,44.04328,-68.89217,5,0.082,1
"2025-09-22 03:00:00",425,13.22,15.95,55,71.97,72,204,36593,11.02,0.75,51065,306189,-1,0,425,29480,204.4,22652,-79,13,44.04332,-68.89217,4,0.082,1
"2025-09-22 04:00:00",426,13.18,15.44,55,50.04,80,210,36593,11.02,0.75,51065,306909,-1,0,426,29480,270.8,22718,-83,13,44.04338,-68.89233,5,0.072,1
"2025-09-22 05:00:00",427,13.21,15.08,56,79.95,80,204,36593,11.02,0.75,51065,307629,-1,0,427,29480,295.4,22743,-85,13,44.04331,-68.89217,5,0.072,1
"2025-09-22 06:00:00",428,13.2,15.06,56,46.01,50,203,36593,11.02,0.75,51065,308349,-1,0,428,29480,299.6,22747,0,13,44.0433,-68.89226,5,0.064,1
"2025-09-22 07:00:00",429,13.44,16.27,56,49.76,50,204,36593,11.02,0.75,51065,309069,-1,0,429,29480,304.5,22752,0,13,44.04334,-68.89226,4,0.064,1
"2025-09-22 08:00:00",430,13.62,19.23,55,-120.1,-120,211,36593,11.02,0.75,51065,309789,-1,0,430,29480,312.7,22760,0,13,44.04329,-68.89211,4,0.064,1
"2025-09-22 09:00:00",431,13.72,20.25,55,-220.7,-24,203,36593,11.02,0.75,51065,310509,-1,0,431,29480,321.4,22769,-87,13,44.04321,-68.89211,4,0.064,1
"2025-09-22 10:00:00",432,13.67,22.62,54,-23.96,2,203,36593,11.02,0.75,51065,311229,-1,0,432,29480,353.6,22801,-71,13,44.04332,-68.89228,4,0.063,1
"2025-09-22 11:00:00",433,13.64,23.79,52,1.985,2,211,36593,11.02,0.75,51065,311949,-1,0,433,29480,414.7,22862,-81,13,44.04338,-68.8921,4,0.063,1
"2025-09-22 12:00:00",434,13.63,22.95,52,-9.02,-9,203,36593,11.02,0.75,51065,312669,-1,0,434,29480,468.2,22916,-79,13,44.04329,-68.8922,6,0.062,1
"2025-09-22 13:00:00",435,13.64,22.76,53,-20.96,6,204,36593,11.02,0.75,51065,313389,-1,0,435,29480,529,22977,-79,13,44.04329,-68.89218,5,0.062,1
"2025-09-22 14:00:00",436,13.64,22.24,53,6.003,8,203,36593,11.02,0.75,51065,314109,-1,0,436,29480,597.5,23045,-79,13,44.04334,-68.8922,6,0.062,1
"2025-09-22 15:00:00",437,13.63,22.41,53,8.01,14,203,36593,11.02,0.75,51065,314829,-1,0,437,29480,625.5,23073,-91,4,44.04334,-68.89214,5,0.062,1
"2025-09-22 16:00:00",438,13.66,22.48,53,13.97,14,210,36593,11.02,0.75,51065,315549,-1,0,438,29480,648.6,23096,-77,13,44.04329,-68.89209,5,0.039,1
"2025-09-22 17:00:00",439,13.69,21.79,52,-10.02,-10,211,36593,11.02,0.75,51065,316269,-1,0,439,29480,709.2,23157,-75,13,44.04331,-68.89212,4,0.031,1
"2025-09-22 18:00:00",440,13.67,19.56,54,-21.95,11,204,36593,11.02,0.75,51065,316989,-1,0,440,29480,740,23188,-83,13,44.04333,-68.8922,5,0.031,1
"2025-09-22 19:00:00",441,13.48,17.36,55,11.05,45,204,36593,11.02,0.75,51065,317709,-1,0,441,29480,748.1,23196,0,13,44.04329,-68.89223,4,0.022,1
"2025-09-22 20:00:00",442,13.33,16.76,56,45,45,203,36593,11.02,0.75,51065,318429,-1,0,442,29480,754.4,23202,0,13,44.04329,-68.89221,4,0.022,1
"2025-09-22 21:00:00",443,13.25,17.11,56,45.02,60,204,36593,11.02,0.75,51065,319149,-1,0,443,29480,761,23209,0,4,44.04331,-68.89222,6,0.009,1
"2025-09-22 22:00:00",444,13.23,17.19,56,59.99,60,204,36593,11.02,0.75,51065,319869,-1,0,444,29480,774.7,23222,-81,13,"NAN","NAN",4,0.009,1
"2025-09-22 23:00:00",445,13.23,17.28,55,52.01,59,204,36593,11.02,0.75,51065,320589,-1,0,445,29480,839,23286,-77,13,44.04322,-68.89233,4,0.003,1
"2025-09-23 00:00:00",446,13.14,17.74,55,59.04,89,204,36593,11.02,0.75,51065,321309,-1,0,446,29480,0.085,23354,-83,13,44.0433,-68.89219,5,0.003,1
"2025-09-23 01:00:00",447,13.22,17.94,54,89,89,204,36593,11.02,0.75,51065,322029,-1,0,447,29480,62.2,23416,-85,13,"NAN","NAN",4,-0.009,1
"2025-09-23 02:00:00",448,13.2,17.31,55,59.03,82,203,36593,11.02,0.75,51065,322749,-1,0,448,29480,123,23477,-81,13,"NAN","NAN",4,-0.009,1
"2025-09-23 03:00:00",449,13.19,17.01,55,82,95,211,36593,11.02,0.75,51065,323469,-1,0,449,29480,181.8,23535,-85,13,44.04326,-68.8921,4,-0.011,1
"2025-09-23 04:00:00",450,13.16,17.16,55,95,100,204,36593,11.02,0.75,51065,324189,-1,0,450,29480,235.4,23589,-51,13,"NAN","NAN",4,-0.011,1
"2025-09-23 05:00:00",451,13.21,17.27,55,100,100,204,36593,11.02,0.75,51065,324909,-1,0,451,29480,298.4,23652,-97,13,44.04336,-68.89211,4,-0.02,1
"2025-09-23 06:00:00",452,13.21,17.06,56,64.98,65,203,36593,11.02,0.75,51065,325629,-1,0,452,29480,364.9,23718,-85,4,44.04332,-68.89218,6,-0.02,1
"2025-09-23 07:00:00",453,13.27,17.29,56,48.94,49,204,36593,11.02,0.75,51065,326349,-1,0,453,29480,438.8,23792,-91,4,"NAN","NAN",4,-0.02,1
"2025-09-23 08:00:00",454,13.53,19.35,55,4.753,5,203,36593,11.02,0.75,51065,327069,-1,0,454,29480,446.8,23800,-89,4,44.04333,-68.89223,4,-0.02,1
"2025-09-23 09:00:00",455,13.6,20.96,55,-173,-170,203,36593,11.02,0.75,51065,327789,-1,0,455,29480,455.2,23809,0,13,"NAN","NAN",4,-0.018,1
"2025-09-23 10:00:00",456,13.69,22.13,55,-169.8,-40,204,36593,11.02,0.75,51065,328509,-1,0,456,29480,501.8,23855,-85,13,44.04336,-68.89229,5,-0.018,1
"2025-09-23 11:00:00",457,13.65,22.82,52,-39.96,-9,212,36593,11.02,0.75,51065,329229,-1,0,457,29480,554.2,23908,-79,13,44.04337,-68.8922,5,-0.014,1
"2025-09-23 12:00:00",458,13.66,23.3,52,-8.99,-2,204,36593,11.02,0.75,51065,329949,-1,0,458,29480,612.6,23966,-77,13,44.04332,-68.89217,4,-0.014,1
"2025-09-23 13:00:00",459,13.63,24,51,-1.997,0,203,36593,11.02,0.75,51065,330669,-1,0,459,29480,673.6,24027,-79,13,44.04333,-68.89219,4,-0.014,1
"2025-09-23 14:00:00",460,13.63,23.34,52,0,0,211,36593,11.02,0.75,51065,331389,-1,0,460,29480,710,24064,-83,13,44.04335,-68.89214,4,-0.014,1
"2025-09-23 15:00:00",461,13.64,23.15,50,0.022,16,211,36593,11.02,0.75,51065,332109,-1,0,461,29480,739.4,24093,-85,13,44.04325,-68.89212,5,-0.022,1
"2025-09-23 16:00:00",462,13.65,21.23,52,16.08,73,204,36593,11.02,0.75,51065,332829,-1,0,462,29480,803,24157,-81,13,44.04328,-68.89211,5,-0.022,1
"2025-09-23 17:00:00",463,13.48,19.49,53,73.02,84,204,36593,11.02,0.75,51065,333549,-1,0,463,29480,826,24179,-81,13,"NAN","NAN",4,-0.022,1
"2025-09-23 18:00:00",464,13.32,18.87,53,84,84,203,36593,11.02,0.75,51065,334269,-1,0,464,29480,883,24236,-77,13,"NAN","NAN",4,-0.022,1
"2025-09-23 19:00:00",465,13.24,18.11,55,79.98,80,203,36593,11.02,0.75,51065,334989,-1,0,465,29480,958,24311,-75,13,"NAN","NAN",4,-0.021,1
"2025-09-23 20:00:00",466,13.24,17.56,55,65.99,66,204,36593,11.02,0.75,51065,335709,-1,0,466,29480,1006,24360,-81,13,44.04328,-68.89223,5,-0.021,1
"2025-09-23 21:00:00",467,13.23,17.66,56,57.99,58,204,36593,11.02,0.75,51065,336429,-1,0,467,29480,1045,24399,-83,13,44.04333,-68.89224,5,-0.012,1
"2025-09-23 22:00:00",468,13.23,17.29,56,52,52,204,36593,11.02,0.75,51065,337149,-1,0,468,29480,1053,24407,0,4,44.04325,-68.89227,4,-0.012,1
"2025-09-23 23:00:00",469,13.22,17.2,56,50.99,51,210,36593,11.02,0.75,51065,337869,-1,0,469,29480,1064,24417,-81,13,44.04338,-68.89223,5,-0.009,1
"2025-09-24 00:00:00",470,13.22,17.33,55,47.03,67,204,36593,11.02,0.75,51065,338589,-1,0,470,29480,0,24468,-85,13,44.04335,-68.89217,5,-0.009,1
"2025-09-24 01:00:00",471,13.21,17.03,55,67.04,99,204,36593,11.02,0.75,51065,339309,-1,0,471,29480,58.9,24527,-77,13,44.04331,-68.89219,4,-0.008,1
"2025-09-24 02:00:00",472,13.22,16.38,56,99,99,203,36593,11.02,0.75,51065,340029,-1,0,472,29480,128.9,24597,-87,4,"NAN","NAN",4,-0.007,1
"2025-09-24 03:00:00",473,13.19,16.56,56,81,109,203,36593,11.02,0.75,51065,340749,-1,0,473,29480,190.2,24658,-87,4,44.0433,-68.89219,4,-0.002,1
"2025-09-24 04:00:00",474,13.2,16.76,55,109,109,204,36593,11.02,0.75,51065,341469,-1,0,474,29480,243.3,24711,-79,13,44.0433,-68.89219,4,0,1
"2025-09-24 05:00:00",475,13.21,16.87,55,80,85,204,36593,11.02,0.75,51065,342189,-1,0,475,29480,270,24738,-51,4,44.04332,-68.89213,6,0.001,1
"2025-09-24 06:00:00",476,13.21,17.33,55,85,85,203,36593,11.02,0.75,51065,342909,-1,0,476,29480,344.1,24812,-77,13,44.04331,-68.89213,4,0.001,1
"2025-09-24 07:00:00",477,13.21,17.84,55,68.03,88,204,36593,11.02,0.75,51065,343629,-1,0,477,29480,415,24883,-79,13,44.04323,-68.89227,4,0.01,1
"2025-09-24 08:00:00",478,13.28,18.35,55,87.9,88,210,36593,11.02,0.75,51065,344349,-1,0,478,29480,478.9,24947,-81,13,"NAN","NAN",4,0.019,1
"2025-09-24 09:00:00",479,13.36,18.94,55,19.92,20,204,36593,11.02,0.75,51065,345069,-1,0,479,29480,526.9,24995,-51,4,44.04327,-68.89228,6,0.027,1
"2025-09-24 10:00:00",480,13.39,18.38,55,-34.01,-34,203,36593,11.02,0.75,51065,345789,-1,0,480,29480,561.2,25029,-93,4,44.04318,-68.89221,4,0.035,1
"2025-09-24 11:00:00",481,13.46,18.54,54,-39.05,-39,204,36593,11.02,0.75,51065,346509,-1,0,481,29480,596.4,25064,0,13,44.04328,-68.89223,4,0.046,1
"2025-09-24 12:00:00",482,13.57,20.05,53,-76.12,-76,203,36593,11.02,0.75,51065,347229,-1,0,482,29480,612.4,25080,-91,4,44.04329,-68.8923,4,0.048,1
"2025-09-24 13:00:00",483,13.71,20.46,53,-160.8,0,204,36593,11.02,0.75,51065,347949,-1,0,483,29480,652.8,25120,-85,13,"NAN","NAN",4,0.054,1
"2025-09-24 14:00:00",484,13.72,20.34,53,-0.039,0,210,36593,11.02,0.75,51065,348669,-1,0,484,29480,716.8,25185,-87,4,44.0433,-68.89226,5,0.055,1
"2025-09-24 15:00:00",485,13.72,20.44,53,-27.98,-17,204,36593,11.02,0.75,51065,349389,-1,0,485,29480,758.4,25226,-83,13,44.04333,-68.89226,4,0.055,1
"2025-09-24 16:00:00",486,13.69,20.25,53,-16.98,-2,211,36593,11.02,0.75,51065,350109,-1,0,486,29480,777.4,25245,-89,4,44.04351,-68.89232,4,0.059,1
"2025-09-24 17:00:00",487,13.69,19.74,53,-2.033,-2,210,36593,11.02,0.75,51065,350829,-1,0,487,29480,833,25300,-81,13,44.0433,-68.89219,5,0.059,1
"2025-09-24 18:00:00",488,13.6,18.28,55,-25.85,85,203,36593,11.02,0.75,51065,351549,-1,0,488,29480,903,25370,-85,4,44.04329,-68.89225,4,0.059,1
"2025-09-24 19:00:00",489,13.37,17.36,55,85,85,211,36593,11.02,0.75,51065,352269,-1,0,489,29480,977,25445,-77,13,44.04329,-68.89225,4,0.063,1
"2025-09-24 20:00:00",490,13.26,16.83,55,63,63,204,36593,11.02,0.75,51065,352989,-1,0,490,29480,1050,25518,-77,4,44.04329,-68.89232,5,0.063,1
"2025-09-24 21:00:00",491,13.23,16.62,56,59.99,60,203,36593,11.02,0.75,51065,353709,-1,0,491,29480,1059,25527,-87,4,44.04332,-68.89233,5,0.064,1
"2025-09-24 22:00:00",492,13.23,16.32,56,51.01,60,204,36593,11.02,0.75,51065,354429,-1,0,492,29480,1102,25570,-89,4,44.04334,-68.8923,4,0.065,1
"2025-09-24 23:00:00",493,13.2,16.56,56,60.02,73,204,36593,11.02,0.75,51065,355149,-1,0,493,29480,1113,25581,-85,13,"NAN","NAN",4,0.068,1
"2025-09-25 00:00:00",494,13.22,16.9,55,72.97,73,203,36593,11.02,0.75,51065,355869,-1,0,494,29480,0,25620,-79,13,44.04331,-68.8923,5,0.068,1
"2025-09-25 01:00:00",495,13.2,17,55,53.04,79,203,36593,11.02,0.75,51065,356589,-1,0,495,29480,58.33,25679,-83,13,44.04333,-68.89226,5,0.068,1
"2025-09-25 02:00:00",496,13.22,17.01,56,78.98,79,211,36593,11.02,0.75,51065,357309,-1,0,496,29480,106.4,25727,0,13,44.04329,-68.89223,7,0.063,1
"2025-09-25 03:00:00",497,13.19,17.27,55,62.07,113,203,36593,11.02,0.75,51065,358029,-1,0,497,29480,143.5,25764,0,13,"NAN","NAN",4,0.063,1
"2025-09-25 04:00:00",498,13.21,16.97,55,112.9,113,203,36593,11.02,0.75,51065,358749,-1,0,498,29480,206,25826,-89,4,"NAN","NAN",4,0.056,1
"2025-09-25 05:00:00",499,13.22,17.3,56,74.99,75,204,36593,11.02,0.75,51065,359469,-1,0,499,29480,237.8,25858,-79,13,44.04333,-68.89223,5,0.056,1
"2025-09-25 06:00:00",500,13.21,17.33,55,65.01,72,210,36593,11.02,0.75,51065,360189,-1,0,500,29480,296.4,25917,-81,13,44.04332,-68.89217,4,0.047,1
"2025-09-25 07:00:00",501,13.2,17.51,55,72.03,97,203,36593,11.02,0.75,51065,360909,-1,0,501,29480,369.7,25990,-81,13,"NAN","NAN",4,0.046,1
"2025-09-25 08:00:00",502,13.25,18.08,55,96.9,97,210,36593,11.02,0.75,51065,361629,-1,0,502,29480,433,26053,-81,13,"NAN","NAN",4,0.046,1
"2025-09-25 09:00:00",503,13.28,18.28,55,23.99,24,204,36593,11.02,0.75,51065,362349,-1,0,503,29480,495.3,26116,-83,13,44.0433,-68.8923,4,0.046,1
"2025-09-25 10:00:00",504,13.31,17.73,56,17.97,18,210,36593,11.02,0.75,51065,363069,-1,0,504,29480,564.2,26184,-85,13,44.04329,-68.89229,5,0.038,1
"2025-09-25 11:00:00",505,13.3,17.84,56,-0.996,2,203,36593,11.02,0.75,51065,363789,-1,0,505,29480,614.1,26234,0,13,44.04332,-68.89232,4,0.038,1
"2025-09-25 12:00:00",506,13.27,17.8,55,2.015,13,204,36593,11.02,0.75,51065,364509,-1,0,506,29480,627.4,26248,-51,4,44.04336,-68.89229,4,0.027,1
"2025-09-25 13:00:00",507,13.29,17.57,55,13.02,27,203,36593,11.02,0.75,51065,365229,-1,0,507,29480,687.2,26307,-77,13,44.04331,-68.89223,4,0.027,1
"2025-09-25 14:00:00",508,13.26,17.67,55,26.99,27,204,36593,11.02,0.75,51065,365949,-1,0,508,29480,759.8,26380,-77,13,44.04333,-68.89228,5,0.014,1
"2025-09-25 15:00:00",509,13.27,17.58,55,19.98,20,204,36593,11.02,0.75,51065,366669,-1,0,509,29480,822,26442,-77,13,44.04333,-68.89224,4,0.014,1
"2025-09-25 16:00:00",510,13.23,17.52,56,8.06,50,203,36593,11.02,0.75,51065,367389,-1,0,510,29480,896,26516,-79,13,44.0434,-68.89233,5,-0.011,1
"2025-09-25 17:00:00",511,13.19,17.42,56,50.05,88,203,36593,11.02,0.75,51065,368109,-1,0,511,29480,971,26591,-77,13,44.04329,-68.8922,4,-0.011,1
"2025-09-25 18:00:00",512,13.2,17.76,56,87.9,88,203,36593,11.02,0.75,51065,368829,-1,0,512,29480,1040,26660,-81,13,"NAN","NAN",4,-0.011,1
"2025-09-25 19:00:00",513,13.16,17.83,56,46.02,58,203,36593,11.02,0.75,51065,369549,-1,0,513,29480,1090,26710,-81,13,"NAN","NAN",4,-0.011,1
"2025-09-25 20:00:00",514,13.22,18.05,57,57.98,58,211,36593,11.02,0.75,51065,370269,-1,0,514,29480,1141,26761,0,13,44.04337,-68.89229,4,-0.058,1
"2025-09-25 21:00:00",515,13.22,18.43,57,46.99,47,204,36593,11.02,0.75,51065,370989,-1,0,515,29480,1149,26770,-87,13,44.04336,-68.89227,4,-0.058,1
"2025-09-25 22:00:00",516,13.2,18.5,57,43.04,74,203,36593,11.02,0.75,51065,371709,-1,0,516,29480,1158,26778,-87,4,44.04336,-68.89227,4,-0.081,1
"2025-09-25 23:00:00",517,13.22,18.92,57,73.96,74,203,36593,11.02,0.75,51065,372429,-1,0,517,29480,1167,26787,-85,13,44.04348,-68.89233,4,-0.081,1
"2025-09-26 00:00:00",518,13.22,18.48,57,46.97,47,204,36593,11.02,0.75,51065,373149,-1,0,518,29480,0.035,26813,-87,13,44.0434,-68.89226,4,-0.113,1
"2025-09-26 01:00:00",519,13.19,18.51,56,26.1,96,204,36593,11.02,0.75,51065,373869,-1,0,519,29480,78.95,26892,0,13,44.04336,-68.89223,4,-0.113,1
"2025-09-26 02:00:00",520,13.2,18.98,55,96,96,211,36593,11.02,0.75,51065,374589,-1,0,520,29480,143.8,26957,-85,13,44.04336,-68.89223,4,-0.133,1
"2025-09-26 03:00:00",521,13.19,18.62,55,60.02,71,204,36593,11.02,0.75,51065,375309,-1,0,521,29480,209.6,27023,-79,13,44.04338,-68.89219,4,-0.135,1
"2025-09-26 04:00:00",522,13.2,18.22,55,70.99,71,203,36593,11.02,0.75,51065,376029,-1,0,522,29480,272.7,27086,-93,4,44.04336,-68.8922,5,-0.135,1
"2025-09-26 05:00:00",523,13.18,17.99,55,62.07,112,204,36593,11.02,0.75,51065,376749,-1,0,523,29480,334.3,27147,-85,13,44.0433,-68.89219,4,-0.135,1
"2025-09-26 06:00:00",524,13.2,17.45,56,111.9,112,203,36593,11.02,0.75,51065,377469,-1,0,524,29480,405.2,27218,-85,13,44.04333,-68.89211,5,-0.135,1
"2025-09-26 07:00:00",525,13.2,18.01,55,50.98,51,203,36593,11.02,0.75,51065,378189,-1,0,525,29480,473.2,27286,-75,13,44.04333,-68.89211,4,-0.135,1
"2025-09-26 08:00:00",526,13.26,18.41,55,35,35,204,36593,11.02,0.75,51065,378909,-1,0,526,29480,532.5,27346,-79,13,44.04336,-68.89217,4,-0.135,1
"2025-09-26 09:00:00",527,13.49,19.26,55,32.76,33,204,36593,11.02,0.75,51065,379629,-1,0,527,29480,603.1,27417,-85,4,44.04334,-68.89217,4,-0.124,1
"2025-09-26 10:00:00",528,13.48,20.09,54,-140,-119,204,36593,11.02,0.75,51065,380349,-1,0,528,29480,648.7,27464,-85,13,44.04339,-68.89223,5,-0.119,1
"2025-09-26 11:00:00",529,13.58,22,53,-119.2,-119,204,36593,11.02,0.75,51065,381069,-1,0,529,29480,659.5,27474,-87,13,44.04333,-68.89223,4,-0.109,1
"2025-09-26 12:00:00",530,13.52,23.33,53,-241.9,-162,210,36593,11.02,0.75,51065,381789,-1,0,530,29480,710.6,27526,-81,13,44.04336,-68.89221,4,-0.109,1
"2025-09-26 13:00:00",531,13.48,24.35,52,-161.8,-53,203,36593,11.02,0.75,51065,382509,-1,0,531,29480,778.4,27595,-77,13,44.0435,-68.89219,4,-0.103,1
"2025-09-26 14:00:00",532,13.64,25.06,51,-53.06,-53,204,36593,11.02,0.75,51065,383229,-1,0,532,29480,834,27651,-77,13,44.04336,-68.89216,4,-0.103,1
"2025-09-26 15:00:00",533,13.58,25.22,53,-95.8,19,204,36593,11.02,0.75,51065,383949,-1,0,533,29480,899,27716,-85,13,44.0433,-68.89212,4,-0.103,1
"2025-09-26 16:00:00",534,13.6,25.02,53,18.98,19,204,36593,11.02,0.75,51065,384669,-1,0,534,29480,935,27753,-83,13,44.0433,-68.89214,5,-0.103,1
"2025-09-26 17:00:00",535,13.61,25.06,53,3.99,4,203,36593,11.02,0.75,51065,385389,-1,0,535,29480,995,27814,-79,13,44.04331,-68.89213,5,-0.103,1
"2025-09-26 18:00:00",536,13.57,22.36,54,-2.963,24,204,36593,11.02,0.75,51065,386109,-1,0,536,29480,1057,27876,-79,13,44.04327,-68.89207,4,-0.103,1
"2025-09-26 19:00:00",537,13.41,19.54,55,24.11,103,211,36593,11.02,0.75,51065,386829,-1,0,537,29480,1116,27937,-79,13,44.04336,-68.89214,4,-0.096,1
"2025-09-26 20:00:00",538,13.29,18.19,55,103,103,203,36593,11.02,0.75,51065,387549,-1,0,538,29480,1185,28006,-83,13,44.0434,-68.89222,4,-0.096,1
"2025-09-26 21:00:00",539,13.21,18.39,55,76.01,83,211,36593,11.02,0.75,51065,388269,-1,0,539,29480,1249,28071,-79,13,44.04331,-68.89217,5,-0.093,1
"2025-09-26 22:00:00",540,13.24,17.87,56,83,83,211,36593,11.02,0.75,51065,388989,-1,0,540,29480,1315,28138,-87,4,44.04331,-68.89223,5,-0.093,1
"2025-09-26 23:00:00",541,13.24,18.06,56,54,54,203,36593,11.02,0.75,51065,389709,-1,0,541,29480,1342,28165,0,13,44.04335,-68.89223,7,-0.086,1
"2025-09-27 00:00:00",542,13.23,18.33,57,52.99,53,210,36593,11.02,0.75,51065,390429,-1,0,542,29480,0,28178,-51,4,44.04337,-68.89226,4,-0.083,1
"2025-09-27 01:00:00",543,13.23,19.12,56,49,49,204,36593,11.02,0.75,51065,391149,-1,0,543,29480,55.72,28235,-91,4,44.04336,-68.8922,4,-0.074,1
"2025-09-27 02:00:00",544,13.24,19.2,55,49.04,77,204,36593,11.02,0.75,51065,391869,-1,0,544,29480,115.8,28295,-79,13,44.04331,-68.8922,4,-0.074,1
"2025-09-27 03:00:00",545,13.23,18.9,55,77,77,210,36593,11.02,0.75,51065,392589,-1,0,545,29480,174.5,28355,-85,13,44.04332,-68.89219,5,-0.069,1
"2025-09-27 04:00:00",546,13.23,18.29,56,75.01,80,203,36593,11.02,0.75,51065,393309,-1,0,546,29480,240.5,28422,-91,4,44.04329,-68.89218,4,-0.069,1
"2025-09-27 05:00:00",547,13.22,17.7,56,80,80,212,36593,11.02,0.75,51065,394029,-1,0,547,29480,308.9,28491,-91,4,44.0432,-68.89226,4,-0.061,1
"2025-09-27 06:00:00",548,13.23,17.13,57,78.98,79,203,36593,11.02,0.75,51065,394749,-1,0,548,29480,382,28565,0,13,44.04329,-68.89217,5,-0.061,1
"2025-09-27 07:00:00",549,13.26,18.18,55,64.97,65,204,36593,11.02,0.75,51065,395469,-1,0,549,29480,442.3,28626,-85,13,44.04329,-68.89212,4,-0.046,1
"2025-09-27 08:00:00",550,13.41,19.7,54,40.91,41,210,36593,11.02,0.75,51065,396189,-1,0,550,29480,507.2,28691,-77,13,44.04326,-68.8922,6,-0.038,1
"2025-09-27 09:00:00",551,13.46,23.98,54,-21.09,-21,210,36593,11.02,0.75,51065,396909,-1,0,551,29480,572.7,28757,-77,13,44.04326,-68.89223,4,-0.025,1
"2025-09-27 10:00:00",552,13.45,24.7,53,-85.9,-20,204,36593,11.02,0.75,51065,397629,-1,0,552,29480,639.9,28825,-77,13,44.04325,-68.8922,4,-0.021,1
"2025-09-27 11:00:00",553,13.59,26.18,53,-19.9,49,203,36593,11.02,0.75,51065,398349,-1,0,553,29480,725.3,28912,-81,13,"NAN","NAN",4,-0.009,1
"2025-09-27 12:00:00",554,13.56,25.91,54,48.91,49,204,36593,11.02,0.75,51065,399069,-1,0,554,29480,746.1,28933,-89,4,44.04327,-68.89217,4,-0.009,1
"2025-09-27 13:00:00",555,13.6,24.83,53,-15,-15,210,36593,11.02,0.75,51065,399789,-1,0,555,29480,790.3,28978,-87,4,44.04333,-68.89225,5,-0.009,1
"2025-09-27 14:00:00",556,13.6,23.86,52,-17.03,-17,204,36593,11.02,0.75,51065,400509,-1,0,556,29480,856,29045,-89,4,44.04332,-68.89223,5,-0.009,1
"2025-09-27 15:00:00",557,13.63,22.64,53,-37.96,-7,204,36593,11.02,0.75,51065,401229,-1,0,557,29480,951,29140,-91,4,44.04334,-68.89217,6,-0.009,1
"2025-09-27 16:00:00",558,13.59,22.11,54,-6.876,82,204,36593,11.02,0.75,51065,401949,-1,0,558,29480,1015,29206,-85,13,44.04333,-68.89212,4,-0.009,1
