"TOA5","Wynken","CR300","36594","CR300-CELL210.Std.11.02","CPU:wynken.250813.dld","23881","Ai1"
"TIMESTAMP","RECORD","BatteryVoltage","InternalTemperature","InternalHumidity","CurrentAverage","CurrentMaximum","ProcessingTime","SerialNumber","DataloggerOSVersion","Ai1OSVersion","ProgramSignature","ProgramCounter","StartUpCode","WatchdogErrors","SkippedScans","MemoryFree","CellUsageToday","CellUsageThisMonth","CellRSSI","CellNetBand","Latitude","Longitude","GPSSatellitesInView","Pressure_mH2O","ReadAttempts_Max"
"TS","RN","Volts","°C","%","mA (-=Charge, +=Discharge)","mA (-=Charge, +=Discharge)","µS","","","","(0-65535)","Cycles","(0=Ok, -1=Power, -2=Watchdog)","Errors Since Compile","Scans Skipped","Bytes","kB","kB","dBm","","Decimal Degrees (N=+,S=-)","Decimal Degrees (E=+,W=-)","GPS Satellites visible","mH2O",""
"","","Smp","Smp","Smp","Avg:mA","Max:mA","Smp","Smp","Smp","Smp","Smp:0-65535)","Smp","Smp:0=Ok","Smp:Watchdog Errors Since Compile","Smp:Scans Skipped","Smp:Bytes","Smp:kB","Smp:kB","Smp:dBm","Smp:band","Smp","Smp","Smp","Smp","Max"
"2025-08-14 11:00:00",0,13.6,26.7,36,-0.291,0,210,36594,11.02,0.75,23881,672,-1,0,0,29192,43.97,836,-71,13,44.31817,-68.92744,0,-13.01,0
"2025-08-14 12:00:00",1,13.58,26.08,35,-195.6,60,203,36594,11.02,0.75,23881,1392,-1,0,1,29192,106.1,898,-91,4,44.04336,-68.89229,4,-13.01,1
"2025-08-14 13:00:00",2,13.59,26.85,34,60.06,105,204,36594,11.02,0.75,23881,2112,-1,0,2,29192,176.6,969,-79,13,44.04333,-68.89233,5,-13.01,1
"2025-08-14 14:00:00",3,13.57,27.44,34,105,107,212,36594,11.02,0.75,23881,2832,-1,0,3,29192,216.6,1009,-91,4,44.04334,-68.89231,5,0.004,1
"2025-08-14 15:00:00",4,13.54,27.99,34,107,107,211,36594,11.02,0.75,23881,3552,-1,0,4,29192,276,1068,-91,4,44.04331,-68.89229,4,0.008,1
"2025-08-14 16:00:00",5,13.57,25.09,34,80,86,203,36594,11.02,0.75,23881,4272,-1,0,5,29192,340,1132,-75,13,44.04333,-68.89226,4,0.008,1
"2025-08-14 17:00:00",6,13.61,22.81,35,86,86,210,36594,11.02,0.75,23881,4992,-1,0,6,29192,416,1208,-83,4,44.04328,-68.89218,4,0.009,1
"2025-08-14 18:00:00",7,13.63,23.16,35,72,72,203,36594,11.02,0.75,23881,5712,-1,0,7,29192,461.6,1254,0,4,44.04332,-68.89226,4,0.009,1
"2025-08-14 19:00:00",8,13.47,21.05,36,69.11,148,204,36594,11.02,0.75,23881,6432,-1,0,8,29192,520.6,1313,-91,4,44.0433,-68.8922,4,0.009,1
"2025-08-14 20:00:00",9,13.33,20.36,36,148,162,203,36594,11.02,0.75,23881,7152,-1,0,9,29192,585.2,1378,-85,4,44.0433,-68.89222,5,0.009,1
"2025-08-14 21:00:00",10,13.27,19.85,36,162,168,204,36594,11.02,0.75,23881,7872,-1,0,10,29192,644.3,1437,-87,4,44.04331,-68.8923,5,0.009,1
"2025-08-14 22:00:00",11,13.25,20.15,37,168,168,204,36594,11.02,0.75,23881,8592,-1,0,11,29192,746.7,1539,-75,4,44.0433,-68.89233,4,0.01,1
"2025-08-14 23:00:00",12,13.22,18.36,37,151.1,198,204,36594,11.02,0.75,23881,9312,-1,0,12,29192,862,1655,-91,4,44.04331,-68.89232,6,0.022,1
"2025-08-15 00:00:00",13,13.23,17.82,36,197.9,198,203,36594,11.02,0.75,23881,10032,-1,0,13,29192,0,1713,-91,4,44.04336,-68.8923,4,0.027,1
"2025-08-15 01:00:00",14,13.23,17.75,37,161,163,203,36594,11.02,0.75,23881,10752,-1,0,14,29192,62.68,1775,0,4,44.04333,-68.89234,4,0.029,1
"2025-08-15 02:00:00",15,13.2,18.97,36,163.2,306,203,36594,11.02,0.75,23881,11472,-1,0,15,29192,117.3,1830,-91,4,44.04334,-68.89231,5,0.029,1
"2025-08-15 03:00:00",16,13.22,19.08,36,305.7,306,210,36594,11.02,0.75,23881,12192,-1,0,16,29192,178.2,1891,-77,13,44.04331,-68.89228,5,0.033,1
"2025-08-15 04:00:00",17,13.22,19.07,36,122,150,204,36594,11.02,0.75,23881,12912,-1,0,17,29192,287,2000,-91,4,44.04329,-68.89227,4,0.033,1
"2025-08-15 05:00:00",18,13.22,19.4,36,150,150,204,36594,11.02,0.75,23881,13632,-1,0,18,29192,371.7,2085,-79,13,44.04328,-68.89224,4,0.037,1
"2025-08-15 06:00:00",19,13.21,19.38,36,127,149,204,36594,11.02,0.75,23881,14352,-1,0,19,29192,553.3,2266,-89,4,44.04331,-68.8923,4,0.042,1
"2025-08-15 07:00:00",20,13.47,21.61,36,148.7,149,203,36594,11.02,0.75,23881,15072,-1,0,20,29192,607.8,2321,-91,4,44.04329,-68.89226,6,0.053,1
"2025-08-15 08:00:00",21,13.5,23.71,35,-43.03,-43,203,36594,11.02,0.75,23881,15792,-1,0,21,29192,664.3,2377,-75,13,44.04326,-68.89223,4,0.058,1
"2025-08-15 09:00:00",22,13.78,24.22,34,-64.97,-41,203,36594,11.02,0.75,23881,16512,-1,0,22,29192,727.4,2440,-75,13,44.04325,-68.89238,4,0.083,1
"2025-08-15 10:00:00",23,13.55,25.23,35,-40.85,70,203,36594,11.02,0.75,23881,17232,-1,0,23,29192,786.8,2500,-75,13,44.04324,-68.89236,4,0.093,1
"2025-08-15 11:00:00",24,13.59,25.37,35,70.03,92,204,36594,11.02,0.75,23881,17952,-1,0,24,29192,846,2559,-91,4,44.04325,-68.89231,4,0.109,1
"2025-08-15 12:00:00",25,13.61,24.64,34,92,92,211,36594,11.02,0.75,23881,18672,-1,0,25,29192,894,2607,-81,4,44.04332,-68.89237,4,0.113,1
"2025-08-15 13:00:00",26,13.61,25.17,34,86,112,211,36594,11.02,0.75,23881,19392,-1,0,26,29192,971,2684,-89,4,44.04332,-68.89233,7,0.113,1
"2025-08-15 14:00:00",27,13.57,27.22,34,112,112,203,36594,11.02,0.75,23881,20112,-1,0,27,29192,1040,2752,-81,4,44.04329,-68.89231,4,0.113,1
"2025-08-15 15:00:00",28,13.56,27.37,34,98,99,203,36594,11.02,0.75,23881,20832,-1,0,28,29192,1104,2817,-75,13,44.04336,-68.89232,4,0.111,1
"2025-08-15 16:00:00",29,13.56,27.43,33,99,99,203,36594,11.02,0.75,23881,21552,-1,0,29,29192,1168,2881,-71,13,44.04332,-68.89227,4,0.111,1
"2025-08-15 17:00:00",30,13.56,27.13,34,88,88,204,36594,11.02,0.75,23881,22272,-1,0,30,29192,1230,2943,-77,13,44.0433,-68.89232,5,0.108,1
"2025-08-15 18:00:00",31,13.57,25.4,34,79.01,85,210,36594,11.02,0.75,23881,22992,-1,0,31,29192,1288,3000,-77,13,"NAN","NAN",4,0.108,1
"2025-08-15 19:00:00",32,13.61,23.44,35,85,88,203,36594,11.02,0.75,23881,23712,-1,0,32,29192,1365,3077,-89,4,44.04336,-68.89226,4,0.108,1
"2025-08-15 20:00:00",33,13.47,20.18,35,88.1,139,204,36594,11.02,0.75,23881,24432,-1,0,33,29192,1428,3141,-85,4,44.04331,-68.89223,5,0.108,1
"2025-08-15 21:00:00",34,13.32,18.62,36,139,156,211,36594,11.02,0.75,23881,25152,-1,0,34,29192,1522,3234,-73,13,44.0433,-68.8922,6,0.099,1
"2025-08-15 22:00:00",35,13.26,17.37,37,156,156,203,36594,11.02,0.75,23881,25872,-1,0,35,29192,1584,3297,-85,4,44.04327,-68.89231,5,0.099,1
"2025-08-15 23:00:00",36,13.23,16.87,36,149,154,203,36594,11.02,0.75,23881,26592,-1,0,36,29192,1638,3351,-83,4,44.04333,-68.89233,4,0.09,1
"2025-08-16 00:00:00",37,13.22,16.43,37,154,164,204,36594,11.02,0.75,23881,27312,-1,0,37,29192,0.052,3376,-87,4,44.04331,-68.89233,4,0.09,1
"2025-08-16 01:00:00",38,13.22,16.38,37,164,164,203,36594,11.02,0.75,23881,28032,-1,0,38,29192,66.38,3443,-89,4,44.04333,-68.89232,5,0.09,1
"2025-08-16 02:00:00",39,13.22,16.13,36,158,158,211,36594,11.02,0.75,23881,28752,-1,0,39,29192,105,3481,-91,4,44.04334,-68.89233,4,0.089,1
"2025-08-16 03:00:00",40,13.19,15.79,36,150.1,189,204,36594,11.02,0.75,23881,29472,-1,0,40,29192,167.7,3544,-91,4,44.04333,-68.89231,7,0.089,1
"2025-08-16 04:00:00",41,13.19,16.13,36,189,189,204,36594,11.02,0.75,23881,30192,-1,0,41,29192,224.5,3601,-87,4,44.04329,-68.89229,4,0.089,1
"2025-08-16 05:00:00",42,13.2,15.74,37,168,168,210,36594,11.02,0.75,23881,30912,-1,0,42,29192,287.9,3664,-89,4,44.04333,-68.89226,4,0.082,1
"2025-08-16 06:00:00",43,13.32,16.22,36,135.8,136,203,36594,11.02,0.75,23881,31632,-1,0,43,29192,343.3,3720,-87,4,44.04329,-68.89224,6,0.082,1
"2025-08-16 07:00:00",44,13.56,19.89,36,25.78,26,204,36594,11.02,0.75,23881,32352,-1,0,44,29192,425.5,3802,-85,4,"NAN","NAN",4,0.082,1
"2025-08-16 08:00:00",45,13.65,23.31,36,-129.7,70,204,36594,11.02,0.75,23881,33072,-1,0,45,29192,504.1,3880,-89,4,"NAN","NAN",4,0.09,1
"2025-08-16 09:00:00",46,13.64,23.37,36,70,70,204,36594,11.02,0.75,23881,33792,-1,0,46,29192,533,3909,-89,4,44.04331,-68.89221,6,0.102,1
"2025-08-16 10:00:00",47,13.64,23.65,35,67.08,123,204,36594,11.02,0.75,23881,34512,-1,0,47,29192,591.2,3968,-75,13,44.04334,-68.89228,5,0.102,1
"2025-08-16 11:00:00",48,13.65,23.51,35,123,123,211,36594,11.02,0.75,23881,35232,-1,0,48,29192,659.4,4036,-77,13,44.04333,-68.89231,6,0.102,1
"2025-08-16 12:00:00",49,13.62,25.4,34,109,109,204,36594,11.02,0.75,23881,35952,-1,0,49,29192,707.1,4083,-89,4,44.04335,-68.89233,6,0.102,1
"2025-08-16 13:00:00",50,13.59,25.98,34,109,110,210,36594,11.02,0.75,23881,36672,-1,0,50,29192,768.9,4145,-91,4,44.04336,-68.89231,7,0.099,1
"2025-08-16 14:00:00",51,13.57,26.01,34,110,118,211,36594,11.02,0.75,23881,37392,-1,0,51,29192,843,4219,-71,13,44.04326,-68.89232,4,0.099,1
"2025-08-16 15:00:00",52,13.56,25.71,34,118,118,203,36594,11.02,0.75,23881,38112,-1,0,52,29192,904,4280,-87,4,44.04333,-68.89228,5,0.091,1
"2025-08-16 16:00:00",53,13.59,26.34,33,84,84,204,36594,11.02,0.75,23881,38832,-1,0,53,29192,968,4345,-71,13,44.04333,-68.89224,4,0.091,1
"2025-08-16 17:00:00",54,13.59,26.42,33,73.03,91,211,36594,11.02,0.75,23881,39552,-1,0,54,29192,1028,4405,-73,13,44.04332,-68.89225,5,0.088,1
"2025-08-16 18:00:00",55,13.58,26.03,33,91,91,203,36594,11.02,0.75,23881,40272,-1,0,55,29192,1093,4469,-73,13,44.04333,-68.89223,4,0.088,5
"2025-08-16 19:00:00",56,13.61,22.3,35,87,87,203,36594,11.02,0.75,23881,40992,-1,0,56,29192,1156,4532,-87,4,44.0433,-68.89223,4,0.088,5
"2025-08-16 20:00:00",57,13.46,19.17,37,79.11,159,203,36594,11.02,0.75,23881,41712,-1,0,57,29192,1197,4573,0,13,44.04331,-68.89228,4,0.063,1
"2025-08-16 21:00:00",58,13.27,19.54,35,159,189,203,36594,11.02,0.75,23881,42432,-1,0,58,29192,1280,4657,-85,4,44.04333,-68.89223,4,0.063,1
"2025-08-16 22:00:00",59,13.25,17.96,36,189,189,204,36594,11.02,0.75,23881,43152,-1,0,59,29192,1354,4730,-71,13,44.04333,-68.89223,4,0.043,1
"2025-08-16 23:00:00",60,13.24,17.85,37,167,168,204,36594,11.02,0.75,23881,43872,-1,0,60,29192,1434,4811,-89,4,44.04333,-68.89223,4,0.043,1
"2025-08-17 00:00:00",61,13.23,17.92,36,168,168,211,36594,11.02,0.75,23881,44592,-1,0,61,29192,0.014,4888,-85,4,44.04329,-68.8923,5,0.043,1
"2025-08-17 01:00:00",62,13.23,18.05,37,133.1,169,204,36594,11.02,0.75,23881,45312,-1,0,62,29192,66.45,4954,-75,4,44.04332,-68.89233,4,0.043,1
"2025-08-17 02:00:00",63,13.2,18.93,36,169.1,207,211,36594,11.02,0.75,23881,46032,-1,0,63,29192,141.9,5030,-87,4,44.04334,-68.89232,5,0.029,1
"2025-08-17 03:00:00",64,13.22,18.15,37,206.9,207,208,36594,11.02,0.75,23881,46752,-1,0,64,29192,206.6,5094,-91,4,44.04338,-68.89233,4,0.029,1
"2025-08-17 04:00:00",65,13.19,18.94,36,160.1,207,204,36594,11.02,0.75,23881,47472,-1,0,65,29192,283.7,5172,-77,13,44.04333,-68.89231,5,0.019,1
"2025-08-17 05:00:00",66,13.21,19.57,36,206.9,207,204,36594,11.02,0.75,23881,48192,-1,0,66,29192,371.1,5259,-75,13,44.04334,-68.89227,4,0.019,1
"2025-08-17 06:00:00",67,13.23,19.63,36,148.9,149,204,36594,11.02,0.75,23881,48912,-1,0,67,29192,448.8,5337,-77,13,44.04333,-68.89223,4,0.007,1
"2025-08-17 07:00:00",68,13.46,20.76,36,110.7,111,203,36594,11.02,0.75,23881,49632,-1,0,68,29192,516.1,5404,-77,13,44.04333,-68.89223,4,0.007,1
"2025-08-17 08:00:00",69,13.52,21.74,36,-72.02,-72,204,36594,11.02,0.75,23881,50352,-1,0,69,29192,563.8,5452,-83,4,44.04329,-68.89228,4,0.007,1
"2025-08-17 09:00:00",70,13.71,22.1,36,-82.8,74,204,36594,11.02,0.75,23881,51072,-1,0,70,29192,624.4,5512,-79,13,44.04332,-68.89223,4,0.007,1
"2025-08-17 10:00:00",71,13.67,23.18,36,74.03,93,204,36594,11.02,0.75,23881,51792,-1,0,71,29192,696,5584,-81,13,44.04333,-68.89225,4,0.009,1
"2025-08-17 11:00:00",72,13.62,26.23,34,93,101,203,36594,11.02,0.75,23881,52512,-1,0,72,29192,759.2,5647,-75,13,44.04332,-68.89213,4,0.009,1
"2025-08-17 12:00:00",73,13.6,24.64,35,101,118,203,36594,11.02,0.75,23881,53232,-1,0,73,29192,789,5677,-89,4,44.04333,-68.89217,4,0.009,1
"2025-08-17 13:00:00",74,13.61,25.03,35,117.9,118,204,36594,11.02,0.75,23881,53952,-1,0,74,29192,833,5721,-89,4,44.04337,-68.8923,4,0.009,1
"2025-08-17 14:00:00",75,13.62,25.1,35,80,105,204,36594,11.02,0.75,23881,54672,-1,0,75,29192,870,5758,-89,4,44.04334,-68.89231,5,-0.001,1
"2025-08-17 15:00:00",76,13.6,26.07,35,105,105,204,36594,11.02,0.75,23881,55392,-1,0,76,29192,948,5836,-91,4,44.04331,-68.8923,4,-0.001,1
"2025-08-17 16:00:00",77,13.59,26.25,35,104,112,211,36594,11.02,0.75,23881,56112,-1,0,77,29192,995,5882,-79,13,44.04338,-68.8923,4,-0.009,1
"2025-08-17 17:00:00",78,13.58,25.34,35,112,112,203,36594,11.02,0.75,23881,56832,-1,0,78,29192,1069,5957,-73,13,44.04335,-68.8923,5,-0.009,1
"2025-08-17 18:00:00",79,13.39,21.07,36,107,134,203,36594,11.02,0.75,23881,57552,-1,0,79,29192,1136,6024,-75,13,44.04336,-68.89229,4,-0.014,1
"2025-08-17 19:00:00",80,13.28,19.89,36,134,134,204,36594,11.02,0.75,23881,58272,-1,0,80,29192,1163,6050,-73,13,44.04328,-68.89228,4,-0.014,1
"2025-08-17 20:00:00",81,13.24,19.46,37,129,129,204,36594,11.02,0.75,23881,58992,-1,0,81,29192,1253,6140,-81,13,44.04328,-68.89228,4,-0.014,1
"2025-08-17 21:00:00",82,13.24,18.38,38,126,126,211,36594,11.02,0.75,23881,59712,-1,0,82,29192,1286,6174,-89,4,44.04327,-68.89226,4,-0.014,1
"2025-08-17 22:00:00",83,13.23,18.54,37,120,128,203,36594,11.02,0.75,23881,60432,-1,0,83,29192,1342,6230,-93,4,44.04325,-68.89221,4,-0.009,1
"2025-08-17 23:00:00",84,13.23,17.82,37,128,147,204,36594,11.02,0.75,23881,61152,-1,0,84,29192,1410,6297,-77,13,44.04325,-68.89221,4,-0.009,1
"2025-08-18 00:00:00",85,13.23,17.03,37,147,147,203,36594,11.02,0.75,23881,61872,-1,0,85,29192,0.01,6358,-79,13,44.04325,-68.89221,4,-0.009,1
"2025-08-18 01:00:00",86,13.22,16.68,37,135,154,204,36594,11.02,0.75,23881,62592,-1,0,86,29192,64.78,6423,-77,13,44.04325,-68.89231,4,-0.014,1
"2025-08-18 02:00:00",87,13.22,16.5,37,154,158,210,36594,11.02,0.75,23881,63312,-1,0,87,29192,153,6511,-77,13,44.04327,-68.89228,5,-0.014,1
"2025-08-18 03:00:00",88,13.19,16.2,37,158,191,204,36594,11.02,0.75,23881,64032,-1,0,88,29192,216.4,6575,-93,13,44.04333,-68.89254,4,-0.035,1
"2025-08-18 04:00:00",89,13.21,15.96,37,190.9,191,210,36594,11.02,0.75,23881,64752,-1,0,89,29192,276.8,6635,-91,4,44.04327,-68.89234,4,-0.035,1
"2025-08-18 05:00:00",90,13.2,15.52,37,149,157,204,36594,11.02,0.75,23881,65472,-1,0,90,29192,339.8,6698,-91,4,44.0433,-68.89232,5,-0.035,1
"2025-08-18 06:00:00",91,13.25,15.81,37,156.9,157,204,36594,11.02,0.75,23881,66192,-1,0,91,29192,410.5,6769,-89,4,44.04325,-68.89225,5,-0.035,1
"2025-08-18 07:00:00",92,13.39,17.96,36,113.9,114,204,36594,11.02,0.75,23881,66912,-1,0,92,29192,483.5,6842,-91,13,44.04325,-68.89228,4,-0.035,1
"2025-08-18 08:00:00",93,13.51,18.39,36,37.86,38,203,36594,11.02,0.75,23881,67632,-1,0,93,29192,547.8,6906,-51,13,44.04325,-68.89228,4,-0.035,1
"2025-08-18 09:00:00",94,13.6,19.3,36,-63.06,-63,204,36594,11.02,0.75,23881,68352,-1,0,94,29192,602.9,6961,-91,4,44.04327,-68.8923,4,-0.017,1
"2025-08-18 10:00:00",95,13.74,19.63,35,-106.8,70,203,36594,11.02,0.75,23881,69072,-1,0,95,29192,673.6,7032,-83,4,44.04327,-68.89223,4,0.005,1
"2025-08-18 11:00:00",96,13.71,20.8,36,69.98,70,204,36594,11.02,0.75,23881,69792,-1,0,96,29192,750,7108,-85,4,44.04325,-68.89223,4,0.035,1
"2025-08-18 12:00:00",97,13.71,20.8,35,56.99,57,204,36594,11.02,0.75,23881,70512,-1,0,97,29192,813,7171,-75,13,44.04325,-68.89229,4,0.038,1
"2025-08-18 13:00:00",98,13.69,21.52,36,51.04,78,204,36594,11.02,0.75,23881,71232,-1,0,98,29192,876,7235,-77,13,44.04322,-68.89233,4,0.093,1
"2025-08-18 14:00:00",99,13.68,22.64,36,78.01,87,203,36594,11.02,0.75,23881,71952,-1,0,99,29192,937,7296,0,4,44.04325,-68.89231,4,0.093,1
"2025-08-18 15:00:00",100,13.65,24.17,36,87,99,204,36594,11.02,0.75,23881,72672,-1,0,100,29192,1000,7359,-87,4,44.04336,-68.89236,4,0.093,1
"2025-08-18 16:00:00",101,13.62,23.86,35,99,99,211,36594,11.02,0.75,23881,73392,-1,0,101,29192,1068,7426,-89,4,44.04334,-68.89232,4,0.093,1
"2025-08-18 17:00:00",102,13.61,24.78,36,95,109,204,36594,11.02,0.75,23881,74112,-1,0,102,29192,1127,7485,-81,13,44.04331,-68.89228,4,0.093,1
"2025-08-18 18:00:00",103,13.59,25.07,35,109,109,204,36594,11.02,0.75,23881,74832,-1,0,103,29192,1187,7545,-75,13,44.04331,-68.89229,6,0.093,1
"2025-08-18 19:00:00",104,13.6,21.3,35,99,99,203,36594,11.02,0.75,23881,75552,-1,0,104,29192,1247,7605,-77,13,44.0433,-68.89225,5,0.091,1
"2025-08-18 20:00:00",105,13.4,17.83,37,94,124,210,36594,11.02,0.75,23881,76272,-1,0,105,29192,1309,7667,-91,4,44.04324,-68.8922,4,0.091,1
"2025-08-18 21:00:00",106,13.24,17.45,37,124.1,165,203,36594,11.02,0.75,23881,76992,-1,0,106,29192,1372,7731,-91,4,44.04329,-68.89223,4,0.095,1
"2025-08-18 22:00:00",107,13.23,16.37,37,164.9,165,204,36594,11.02,0.75,23881,77712,-1,0,107,29192,1437,7796,-79,13,44.04329,-68.89226,5,0.099,1
"2025-08-18 23:00:00",108,13.22,15.58,37,127,139,204,36594,11.02,0.75,23881,78432,-1,0,108,29192,1481,7839,-79,4,44.04328,-68.89221,4,0.101,1
"2025-08-19 00:00:00",109,13.21,15.54,37,139,139,204,36594,11.02,0.75,23881,79152,-1,0,109,29192,0,7864,-81,4,44.04329,-68.89216,4,0.101,1
"2025-08-19 01:00:00",110,13.22,15.76,37,135,150,204,36594,11.02,0.75,23881,79872,-1,0,110,29192,112.7,7977,-91,4,44.04327,-68.89228,6,0.102,1
"2025-08-19 02:00:00",111,13.19,15.74,38,150,163,204,36594,11.02,0.75,23881,80592,-1,0,111,29192,185.2,8050,-87,4,44.04329,-68.8923,8,0.107,1
"2025-08-19 03:00:00",112,13.21,15.63,37,163,163,204,36594,11.02,0.75,23881,81312,-1,0,112,29192,245.8,8110,-91,4,44.04326,-68.89229,6,0.107,1
"2025-08-19 04:00:00",113,13.2,15.32,37,152,168,203,36594,11.02,0.75,23881,82032,-1,0,113,29192,307.3,8172,-91,4,44.04332,-68.8923,5,0.107,1
"2025-08-19 05:00:00",114,13.2,15.04,37,168,168,211,36594,11.02,0.75,23881,82752,-1,0,114,29192,381.6,8246,-91,4,44.04333,-68.89229,5,0.109,1
"2025-08-19 06:00:00",115,13.21,15.56,37,158,158,203,36594,11.02,0.75,23881,83472,-1,0,115,29192,446.5,8311,-83,4,44.04333,-68.89231,5,0.113,1
"2025-08-19 07:00:00",116,13.25,16.06,36,146,146,204,36594,11.02,0.75,23881,84192,-1,0,116,29192,511.7,8376,-75,13,44.04329,-68.89228,4,0.114,1
"2025-08-19 08:00:00",117,13.51,18.69,36,120.8,121,203,36594,11.02,0.75,23881,84912,-1,0,117,29192,567.7,8432,-79,13,44.04326,-68.89228,4,0.118,1
"2025-08-19 09:00:00",118,13.52,22.45,35,-50.01,-50,204,36594,11.02,0.75,23881,85632,-1,0,118,29192,619.9,8484,-85,4,44.0433,-68.89223,4,0.118,1
"2025-08-19 10:00:00",119,13.63,23.1,36,-59.8,85,203,36594,11.02,0.75,23881,86352,-1,0,119,29192,686.9,8551,-75,13,44.04331,-68.89223,4,0.123,1
"2025-08-19 11:00:00",120,13.63,24.35,36,85,85,204,36594,11.02,0.75,23881,87072,-1,0,120,29192,751.4,8616,-91,4,44.04333,-68.8923,5,0.134,1
"2025-08-19 12:00:00",121,13.61,23.39,36,78.99,79,204,36594,11.02,0.75,23881,87792,-1,0,121,29192,827,8691,-89,4,44.0433,-68.89223,5,0.134,1
"2025-08-19 13:00:00",122,13.62,23.09,35,75.02,89,211,36594,11.02,0.75,23881,88512,-1,0,122,29192,885,8750,-89,4,44.0433,-68.8922,5,0.134,1
"2025-08-19 14:00:00",123,13.62,22.32,35,89,98,204,36594,11.02,0.75,23881,89232,-1,0,123,29192,968,8832,-75,13,44.04331,-68.89229,5,0.133,1
"2025-08-19 15:00:00",124,13.64,21.45,36,98,98,211,36594,11.02,0.75,23881,89952,-1,0,124,29192,1022,8887,-91,4,44.04333,-68.89231,6,0.133,1
"2025-08-19 16:00:00",125,13.65,21.5,35,88,97,203,36594,11.02,0.75,23881,90672,-1,0,125,29192,1090,8954,-79,13,44.04334,-68.8923,6,0.132,1
"2025-08-19 17:00:00",126,13.66,20.59,36,97,105,203,36594,11.02,0.75,23881,91392,-1,0,126,29192,1150,9014,-91,4,44.04337,-68.89229,7,0.132,1
"2025-08-19 18:00:00",127,13.66,22.28,35,105,105,204,36594,11.02,0.75,23881,92112,-1,0,127,29192,1211,9075,-75,13,44.04337,-68.89229,4,0.129,1
"2025-08-19 19:00:00",128,13.61,21.42,34,94.1,143,204,36594,11.02,0.75,23881,92832,-1,0,128,29192,1270,9134,-73,13,44.04333,-68.89227,6,0.129,1
"2025-08-19 20:00:00",129,13.37,17.59,36,143,164,204,36594,11.02,0.75,23881,93552,-1,0,129,29192,1333,9198,-73,13,44.04333,-68.89227,6,0.116,1
"2025-08-19 21:00:00",130,13.25,17.32,37,164,187,211,36594,11.02,0.75,23881,94272,-1,0,130,29192,1401,9265,-85,4,44.0433,-68.8923,4,0.116,1
"2025-08-19 22:00:00",131,13.23,16.88,37,186.9,187,211,36594,11.02,0.75,23881,94992,-1,0,131,29192,1457,9321,-89,4,44.04329,-68.89221,4,0.116,1
"2025-08-19 23:00:00",132,13.23,16.47,37,130,132,203,36594,11.02,0.75,23881,95712,-1,0,132,29192,1522,9386,-83,4,44.0433,-68.8922,4,0.116,1
"2025-08-20 00:00:00",133,13.19,16.7,37,132,151,204,36594,11.02,0.75,23881,96432,-1,0,133,29192,0,9429,-91,4,44.04329,-68.89222,4,0.099,1
"2025-08-20 01:00:00",134,13.19,17.08,37,151,182,204,36594,11.02,0.75,23881,97152,-1,0,134,29192,67.39,9497,-81,13,44.0433,-68.89222,5,0.099,1
"2025-08-20 02:00:00",135,13.22,16.82,38,182,182,210,36594,11.02,0.75,23881,97872,-1,0,135,29192,136.3,9566,-81,13,"NAN","NAN",4,0.096,1
"2025-08-20 03:00:00",136,13.22,16.59,38,153,153,203,36594,11.02,0.75,23881,98592,-1,0,136,29192,207.5,9637,-91,4,44.04334,-68.89231,7,0.096,1
"2025-08-20 04:00:00",137,13.19,16.84,37,142.1,195,204,36594,11.02,0.75,23881,99312,-1,0,137,29192,275.3,9705,-87,4,44.04329,-68.8923,4,0.094,1
"2025-08-20 05:00:00",138,13.21,16.46,37,194.9,195,204,36594,11.02,0.75,23881,100032,-1,0,138,29192,335.6,9765,-77,13,44.04329,-68.89232,6,0.094,1
"2025-08-20 06:00:00",139,13.2,16.45,37,155,156,210,36594,11.02,0.75,23881,100752,-1,0,139,29192,412.7,9842,-89,4,"NAN","NAN",5,0.091,1
"2025-08-20 07:00:00",140,13.21,16.81,37,156,164,203,36594,11.02,0.75,23881,101472,-1,0,140,29192,490.6,9920,-91,4,44.04333,-68.8923,6,0.091,1
"2025-08-20 08:00:00",141,13.28,17.63,36,163.9,164,204,36594,11.02,0.75,23881,102192,-1,0,141,29192,553.5,9983,-79,13,44.04333,-68.89228,6,0.091,1
"2025-08-20 09:00:00",142,13.3,18,36,107,107,211,36594,11.02,0.75,23881,102912,-1,0,142,29192,610.6,10040,-77,13,"NAN","NAN",4,0.091,1
"2025-08-20 10:00:00",143,13.39,18.85,36,99.9,100,203,36594,11.02,0.75,23881,103632,-1,0,143,29192,685.3,10115,-71,13,44.04334,-68.89228,4,0.101,1
"2025-08-20 11:00:00",144,13.39,19.39,37,55.96,56,204,36594,11.02,0.75,23881,104352,-1,0,144,29192,748.8,10178,-89,4,44.04331,-68.89224,4,0.101,1
"2025-08-20 12:00:00",145,13.44,19.54,37,27.98,28,204,36594,11.02,0.75,23881,105072,-1,0,145,29192,815,10244,-85,4,44.04331,-68.89225,6,0.103,1
"2025-08-20 13:00:00",146,13.51,21.05,36,15.93,16,203,36594,11.02,0.75,23881,105792,-1,0,146,29192,877,10306,-83,4,44.04328,-68.89223,6,0.103,1
"2025-08-20 14:00:00",147,13.65,22.5,36,-31.83,89,204,36594,11.02,0.75,23881,106512,-1,0,147,29192,981,10411,-85,4,44.04328,-68.89219,5,0.108,1
"2025-08-20 15:00:00",148,13.64,22.12,36,89,89,204,36594,11.02,0.75,23881,107232,-1,0,148,29192,1033,10462,-89,4,44.04329,-68.8923,4,0.108,1
"2025-08-20 16:00:00",149,13.64,21.52,36,88,93,203,36594,11.02,0.75,23881,107952,-1,0,149,29192,1105,10534,-87,4,44.04332,-68.89232,4,0.108,1
"2025-08-20 17:00:00",150,13.67,20.3,36,93,108,204,36594,11.02,0.75,23881,108672,-1,0,150,29192,1165,10595,-91,4,44.04333,-68.89229,4,0.108,1
"2025-08-20 18:00:00",151,13.66,19.6,36,108,109,203,36594,11.02,0.75,23881,109392,-1,0,151,29192,1238,10668,-87,4,44.04335,-68.8923,5,0.101,1
"2025-08-20 19:00:00",152,13.67,20.7,36,109,124,203,36594,11.02,0.75,23881,110112,-1,0,152,29192,1282,10712,-91,4,44.04331,-68.89231,5,0.101,1
"2025-08-20 20:00:00",153,13.46,17.89,37,124,134,204,36594,11.02,0.75,23881,110832,-1,0,153,29192,1347,10776,-91,4,44.04333,-68.89227,4,0.101,1
"2025-08-20 21:00:00",154,13.28,16.61,37,134.1,184,204,36594,11.02,0.75,23881,111552,-1,0,154,29192,1421,10851,-77,13,44.04329,-68.89226,4,0.101,1
"2025-08-20 22:00:00",155,13.23,16.18,37,183.9,184,212,36594,11.02,0.75,23881,112272,-1,0,155,29192,1489,10918,-79,13,44.0433,-68.89232,4,0.101,1
"2025-08-20 23:00:00",156,13.2,15.01,37,146,170,211,36594,11.02,0.75,23881,112992,-1,0,156,29192,1532,10961,0,4,44.04329,-68.89223,5,0.101,1
"2025-08-21 00:00:00",157,13.21,14.45,38,169.9,170,211,36594,11.02,0.75,23881,113712,-1,0,157,29192,0.034,11047,-89,4,44.04329,-68.89223,6,0.091,1
"2025-08-21 01:00:00",158,13.21,14.35,38,120,123,204,36594,11.02,0.75,23881,114432,-1,0,158,29192,83.7,11131,-93,4,44.04329,-68.89222,4,0.091,1
"2025-08-21 02:00:00",159,13.2,14.03,38,123,141,203,36594,11.02,0.75,23881,115152,-1,0,159,29192,149.6,11197,-87,4,44.0433,-68.89212,4,0.083,1
"2025-08-21 03:00:00",160,13.2,14.09,37,141,141,204,36594,11.02,0.75,23881,115872,-1,0,160,29192,201.4,11249,-93,4,44.04329,-68.89228,5,0.083,1
"2025-08-21 04:00:00",161,13.2,14.24,38,136,162,204,36594,11.02,0.75,23881,116592,-1,0,161,29192,259.7,11307,-75,13,44.04326,-68.8923,4,0.083,1
"2025-08-21 05:00:00",162,13.19,14.07,38,162,162,204,36594,11.02,0.75,23881,117312,-1,0,162,29192,326.1,11373,-91,4,44.04328,-68.89233,4,0.083,1
"2025-08-21 06:00:00",163,13.27,15.04,37,145.9,146,210,36594,11.02,0.75,23881,118032,-1,0,163,29192,390,11437,-91,4,44.04329,-68.8923,4,0.083,1
"2025-08-21 07:00:00",164,13.56,19.18,36,95.8,96,211,36594,11.02,0.75,23881,118752,-1,0,164,29192,445.5,11493,-87,4,44.04329,-68.89223,4,0.083,1
"2025-08-21 08:00:00",165,13.62,21.4,37,-54,-53,204,36594,11.02,0.75,23881,119472,-1,0,165,29192,524.3,11571,-89,4,44.04333,-68.89233,4,0.084,1
"2025-08-21 09:00:00",166,13.62,23.49,37,-52.82,74,203,36594,11.02,0.75,23881,120192,-1,0,166,29192,585.3,11633,-77,13,44.04325,-68.89222,4,0.084,1
"2025-08-21 10:00:00",167,13.62,24.26,36,74,74,211,36594,11.02,0.75,23881,120912,-1,0,167,29192,651,11698,-75,13,44.0433,-68.8923,5,0.091,1
"2025-08-21 11:00:00",168,13.62,25.1,36,71.98,72,211,36594,11.02,0.75,23881,121632,-1,0,168,29192,781.1,11828,-77,13,44.04329,-68.89223,4,0.091,1
"2025-08-21 12:00:00",169,13.62,23.34,36,56.01,63,204,36594,11.02,0.75,23881,122352,-1,0,169,29192,841,11888,0,13,44.0433,-68.89226,5,0.091,1
"2025-08-21 13:00:00",170,13.62,23.08,36,63.02,78,210,36594,11.02,0.75,23881,123072,-1,0,170,29192,900,11947,-85,4,44.04329,-68.89223,4,0.082,1
"2025-08-21 14:00:00",171,13.62,22.59,35,77.99,78,203,36594,11.02,0.75,23881,123792,-1,0,171,29192,972,12019,-89,4,44.04331,-68.89222,4,0.082,1
"2025-08-21 15:00:00",172,13.62,23.28,35,70.05,108,204,36594,11.02,0.75,23881,124512,-1,0,172,29192,1036,12083,-79,4,44.04334,-68.89221,4,0.082,1
"2025-08-21 16:00:00",173,13.65,22.03,36,108,108,204,36594,11.02,0.75,23881,125232,-1,0,173,29192,1092,12139,-91,4,44.04337,-68.89232,4,0.082,1
"2025-08-21 17:00:00",174,13.65,23.49,36,85,94,210,36594,11.02,0.75,23881,125952,-1,0,174,29192,1139,12187,-89,4,44.04331,-68.89233,4,0.079,1
"2025-08-21 18:00:00",175,13.65,23.49,36,94,105,203,36594,11.02,0.75,23881,126672,-1,0,175,29192,1193,12240,-89,4,44.04334,-68.89233,5,0.079,1
"2025-08-21 19:00:00",176,13.65,22.97,36,105,105,203,36594,11.02,0.75,23881,127392,-1,0,176,29192,1283,12330,-83,4,44.04332,-68.89232,5,0.079,1
"2025-08-21 20:00:00",177,13.47,18.85,37,87.1,164,204,36594,11.02,0.75,23881,128112,-1,0,177,29192,1347,12394,-77,13,44.04334,-68.89229,4,0.079,1
"2025-08-21 21:00:00",178,13.28,17.59,37,164,194,210,36594,11.02,0.75,23881,128832,-1,0,178,29192,1402,12449,-91,4,44.04331,-68.89226,5,0.041,1
"2025-08-21 22:00:00",179,13.22,16.47,37,194,194,211,36594,11.02,0.75,23881,129552,-1,0,179,29192,1473,12521,-89,4,44.04329,-68.89224,5,0.041,1
"2025-08-21 23:00:00",180,13.22,16.53,37,177.9,178,204,36594,11.02,0.75,23881,130272,-1,0,180,29192,1539,12586,-73,13,44.04331,-68.89227,4,0.03,1
"2025-08-22 00:00:00",181,13.22,15.66,38,125,132,204,36594,11.02,0.75,23881,130992,-1,0,181,29192,0.012,12700,-85,4,44.04328,-68.89225,4,0.03,1
"2025-08-22 01:00:00",182,13.19,15.75,38,132,166,204,36594,11.02,0.75,23881,131712,-1,0,182,29192,68.42,12769,-81,4,44.04329,-68.8922,4,0.026,1
"2025-08-22 02:00:00",183,13.21,16.3,38,165.9,166,211,36594,11.02,0.75,23881,132432,-1,0,183,29192,133.6,12834,-95,4,44.04333,-68.89246,4,0.026,1
"2025-08-22 03:00:00",184,13.2,16.3,38,115.1,169,204,36594,11.02,0.75,23881,133152,-1,0,184,29192,206.5,12907,-91,4,44.04326,-68.89221,4,0.026,1
"2025-08-22 04:00:00",185,13.21,16.71,38,169,169,211,36594,11.02,0.75,23881,133872,-1,0,185,29192,269.4,12969,-75,13,44.04326,-68.89231,5,0.026,1
"2025-08-22 05:00:00",186,13.19,16.93,38,141,170,204,36594,11.02,0.75,23881,134592,-1,0,186,29192,334.1,13034,-73,13,44.04322,-68.8923,4,0.006,1
"2025-08-22 06:00:00",187,13.21,16.88,38,170,170,204,36594,11.02,0.75,23881,135312,-1,0,187,29192,388.7,13089,-91,4,44.04325,-68.89232,4,0.006,1
"2025-08-22 07:00:00",188,13.28,17.71,37,151,151,210,36594,11.02,0.75,23881,136032,-1,0,188,29192,447.1,13147,-87,4,44.04327,-68.89234,6,0.006,1
"2025-08-22 08:00:00",189,13.4,20.08,37,117.9,118,203,36594,11.02,0.75,23881,136752,-1,0,189,29192,512.8,13213,-91,4,44.04329,-68.89236,4,0.006,1
"2025-08-22 09:00:00",190,13.44,22.04,37,49.98,50,204,36594,11.02,0.75,23881,137472,-1,0,190,29192,576,13276,-91,4,44.04328,-68.89233,4,0.007,1
"2025-08-22 10:00:00",191,13.44,23.39,36,38.15,146,204,36594,11.02,0.75,23881,138192,-1,0,191,29192,657,13357,-73,13,44.04326,-68.89226,5,0.007,1
"2025-08-22 11:00:00",192,13.59,25.17,36,146,153,203,36594,11.02,0.75,23881,138912,-1,0,192,29192,717.8,13418,-79,13,44.04326,-68.89226,5,0.013,1
"2025-08-22 12:00:00",193,13.58,25.43,36,152.9,153,204,36594,11.02,0.75,23881,139632,-1,0,193,29192,785.6,13486,-71,13,44.04328,-68.89235,4,0.021,1
"2025-08-22 13:00:00",194,13.58,25.39,36,51.03,75,204,36594,11.02,0.75,23881,140352,-1,0,194,29192,851,13552,-81,4,44.04327,-68.89223,4,0.021,1
"2025-08-22 14:00:00",195,13.59,26.08,36,74.98,75,204,36594,11.02,0.75,23881,141072,-1,0,195,29192,913,13613,-87,4,44.04325,-68.89223,4,0.021,1
"2025-08-22 15:00:00",196,13.6,25.49,36,60.06,105,210,36594,11.02,0.75,23881,141792,-1,0,196,29192,978,13678,-85,4,44.04326,-68.89226,4,0.021,1
"2025-08-22 16:00:00",197,13.59,24.88,36,105,108,204,36594,11.02,0.75,23881,142512,-1,0,197,29192,1053,13754,-89,4,44.04333,-68.8923,4,0.02,1
"2025-08-22 17:00:00",198,13.62,23.86,36,108,108,204,36594,11.02,0.75,23881,143232,-1,0,198,29192,1134,13834,-51,4,44.04334,-68.89237,5,0.018,1
"2025-08-22 18:00:00",199,13.62,23,37,101,105,210,36594,11.02,0.75,23881,143952,-1,0,199,29192,1239,13939,-91,4,44.04316,-68.89224,5,0.018,1
"2025-08-22 19:00:00",200,13.65,21.61,36,105,105,203,36594,11.02,0.75,23881,144672,-1,0,200,29192,1302,14002,-91,4,44.04335,-68.89235,8,0.02,1
"2025-08-22 20:00:00",201,13.43,19.01,37,100.1,177,204,36594,11.02,0.75,23881,145392,-1,0,201,29192,1368,14068,-89,4,44.04336,-68.89231,4,0.018,1
"2025-08-22 21:00:00",202,13.29,18.4,37,177,177,204,36594,11.02,0.75,23881,146112,-1,0,202,29192,1429,14129,-91,4,44.04332,-68.89235,4,0.021,1
"2025-08-22 22:00:00",203,13.23,17.4,37,152,152,204,36594,11.02,0.75,23881,146832,-1,0,203,29192,1491,14191,-87,4,44.04326,-68.89217,4,0.022,1
"2025-08-22 23:00:00",204,13.22,17.29,38,145,145,203,36594,11.02,0.75,23881,147552,-1,0,204,29192,1553,14253,-85,4,44.04329,-68.89224,5,0.022,1
"2025-08-23 00:00:00",205,13.21,16.8,38,138,159,203,36594,11.02,0.75,23881,148272,-1,0,205,29192,0,14315,-79,13,44.04333,-68.89227,4,0.025,1
"2025-08-23 01:00:00",206,13.2,16.6,38,159,169,203,36594,11.02,0.75,23881,148992,-1,0,206,29192,67.46,14383,-81,13,44.04326,-68.8922,4,0.033,1
"2025-08-23 02:00:00",207,13.21,16.75,38,169,169,204,36594,11.02,0.75,23881,149712,-1,0,207,29192,131.6,14447,-89,4,44.04327,-68.89217,4,0.033,1
"2025-08-23 03:00:00",208,13.21,16.83,38,148,148,204,36594,11.02,0.75,23881,150432,-1,0,208,29192,177.7,14493,-93,4,44.04329,-68.8922,5,0.037,1
"2025-08-23 04:00:00",209,13.21,17.5,38,127,157,203,36594,11.02,0.75,23881,151152,-1,0,209,29192,242.1,14558,-73,13,44.04333,-68.89219,6,0.037,1
"2025-08-23 05:00:00",210,13.22,17.25,38,157,165,204,36594,11.02,0.75,23881,151872,-1,0,210,29192,297.9,14613,-91,4,44.04333,-68.89222,4,0.037,1
"2025-08-23 06:00:00",211,13.23,17.4,38,165,165,204,36594,11.02,0.75,23881,152592,-1,0,211,29192,414.9,14730,-89,13,44.04335,-68.89231,7,0.04,1
"2025-08-23 07:00:00",212,13.51,21.05,37,146.7,147,203,36594,11.02,0.75,23881,153312,-1,0,212,29192,486.7,14802,-91,4,44.04335,-68.8923,4,0.04,1
"2025-08-23 08:00:00",213,13.59,22.64,36,-59.03,-59,212,36594,11.02,0.75,23881,154032,-1,0,213,29192,551.2,14867,-93,4,44.04337,-68.8923,4,0.049,1
"2025-08-23 09:00:00",214,13.65,23.45,37,-78.75,102,203,36594,11.02,0.75,23881,154752,-1,0,214,29192,578.3,14894,-89,4,44.04333,-68.89232,4,0.056,1
"2025-08-23 10:00:00",215,13.65,24.38,36,102,102,210,36594,11.02,0.75,23881,155472,-1,0,215,29192,654.5,14970,-91,13,44.04333,-68.89232,4,0.059,1
"2025-08-23 11:00:00",216,13.62,24.77,35,83,83,210,36594,11.02,0.75,23881,156192,-1,0,216,29192,714.1,15030,-75,13,44.04329,-68.89227,4,0.059,1
"2025-08-23 12:00:00",217,13.62,24.59,35,81,83,211,36594,11.02,0.75,23881,156912,-1,0,217,29192,773.5,15089,-75,13,44.04329,-68.89229,4,0.062,1
"2025-08-23 13:00:00",218,13.62,23.72,35,83,83,204,36594,11.02,0.75,23881,157632,-1,0,218,29192,833,15149,-91,4,44.04329,-68.89229,4,0.062,1
"2025-08-23 14:00:00",219,13.62,24.02,36,49.02,60,203,36594,11.02,0.75,23881,158352,-1,0,219,29192,868,15184,-77,13,44.04333,-68.89223,5,0.062,1
"2025-08-23 15:00:00",220,13.65,23.7,36,60.03,78,210,36594,11.02,0.75,23881,159072,-1,0,220,29192,920,15235,-91,4,44.04325,-68.89218,4,0.062,1
"2025-08-23 16:00:00",221,13.64,23.93,35,78.01,83,203,36594,11.02,0.75,23881,159792,-1,0,221,29192,977,15293,-77,13,44.04333,-68.89225,4,0.062,1
"2025-08-23 17:00:00",222,13.62,23.56,36,83,106,210,36594,11.02,0.75,23881,160512,-1,0,222,29192,1036,15351,-71,13,44.04333,-68.89222,5,0.062,1
"2025-08-23 18:00:00",223,13.62,22.12,36,106,106,203,36594,11.02,0.75,23881,161232,-1,0,223,29192,1108,15424,-91,4,44.04332,-68.89226,5,0.058,1
"2025-08-23 19:00:00",224,13.59,20.52,37,106.1,178,204,36594,11.02,0.75,23881,161952,-1,0,224,29192,1160,15476,-89,4,44.04337,-68.89226,4,0.058,1
"2025-08-23 20:00:00",225,13.35,18.75,37,178,201,210,36594,11.02,0.75,23881,162672,-1,0,225,29192,1225,15540,-87,4,44.04337,-68.89226,4,0.044,1
"2025-08-23 21:00:00",226,13.25,18.4,38,201,201,204,36594,11.02,0.75,23881,163392,-1,0,226,29192,1284,15599,-87,4,44.04337,-68.89226,4,0.044,1
"2025-08-23 22:00:00",227,13.21,18,38,197,212,211,36594,11.02,0.75,23881,164112,-1,0,227,29192,1363,15679,-89,4,44.04337,-68.89226,4,0.037,1
"2025-08-23 23:00:00",228,13.23,18.47,37,211.9,212,211,36594,11.02,0.75,23881,164832,-1,0,228,29192,1423,15738,-91,4,44.04337,-68.89226,4,0.037,1
"2025-08-24 00:00:00",229,13.19,18.6,37,159,177,211,36594,11.02,0.75,23881,165552,-1,0,229,29192,0,15800,-73,13,44.04337,-68.89226,4,0.032,1
"2025-08-24 01:00:00",230,13.22,18.52,37,177,177,203,36594,11.02,0.75,23881,166272,-1,0,230,29192,69.68,15870,-75,13,44.04337,-68.89226,4,0.032,1
"2025-08-24 02:00:00",231,13.22,17.5,38,147,147,204,36594,11.02,0.75,23881,166992,-1,0,231,29192,139.6,15940,-89,4,44.04333,-68.8922,5,0.032,1
"2025-08-24 03:00:00",232,13.22,17.64,38,141,158,204,36594,11.02,0.75,23881,167712,-1,0,232,29192,205.1,16005,-77,13,44.04331,-68.89216,4,0.032,1
"2025-08-24 04:00:00",233,13.21,17.67,38,158,158,210,36594,11.02,0.75,23881,168432,-1,0,233,29192,267.9,16068,-75,13,44.04333,-68.89213,4,0.027,1
"2025-08-24 05:00:00",234,13.21,17.64,38,157,183,204,36594,11.02,0.75,23881,169152,-1,0,234,29192,322.3,16122,-71,13,44.04336,-68.89224,4,0.027,1
"2025-08-24 06:00:00",235,13.23,17.63,38,182.9,183,210,36594,11.02,0.75,23881,169872,-1,0,235,29192,384.9,16185,-81,13,44.04338,-68.89227,5,0.027,1
"2025-08-24 07:00:00",236,13.39,19.65,37,117.9,118,203,36594,11.02,0.75,23881,170592,-1,0,236,29192,430.2,16230,-89,13,44.04339,-68.89228,4,0.027,1
"2025-08-24 08:00:00",237,13.5,21.89,36,52.05,91,204,36594,11.02,0.75,23881,171312,-1,0,237,29192,485.7,16286,-91,4,44.04338,-68.89227,4,0.027,1
"2025-08-24 09:00:00",238,13.59,21.45,37,90.8,91,204,36594,11.02,0.75,23881,172032,-1,0,238,29192,531.6,16332,-91,4,44.0434,-68.89236,4,0.037,1
"2025-08-24 10:00:00",239,13.67,21.96,36,-87.7,100,203,36594,11.02,0.75,23881,172752,-1,0,239,29192,592.3,16392,-93,4,44.04338,-68.8923,4,0.051,1
"2025-08-24 11:00:00",240,13.66,23.06,35,100,100,212,36594,11.02,0.75,23881,173472,-1,0,240,29192,651.3,16452,-81,4,44.04336,-68.8922,4,0.052,1
"2025-08-24 12:00:00",241,13.65,22.96,35,88,88,204,36594,11.02,0.75,23881,174192,-1,0,241,29192,708.4,16509,-77,13,"NAN","NAN",4,0.052,1
"2025-08-24 13:00:00",242,13.65,23.75,35,87,87,204,36594,11.02,0.75,23881,174912,-1,0,242,29192,767.9,16568,-77,13,"NAN","NAN",5,0.051,1
"2025-08-24 14:00:00",243,13.65,23.11,36,65.99,66,204,36594,11.02,0.75,23881,175632,-1,0,243,29192,821,16621,-79,13,44.04333,-68.8922,4,0.051,1
"2025-08-24 15:00:00",244,13.65,22.94,36,58,59,204,36594,11.02,0.75,23881,176352,-1,0,244,29192,849,16649,-91,4,44.04333,-68.8922,4,0.051,1
"2025-08-24 16:00:00",245,13.65,22.69,37,59.02,73,203,36594,11.02,0.75,23881,177072,-1,0,245,29192,923,16723,-87,13,44.04336,-68.89217,5,0.043,1
"2025-08-24 17:00:00",246,13.63,24.13,36,73.06,113,204,36594,11.02,0.75,23881,177792,-1,0,246,29192,973,16773,-91,4,"NAN","NAN",4,0.043,1
"2025-08-24 18:00:00",247,13.65,22.45,37,113,113,204,36594,11.02,0.75,23881,178512,-1,0,247,29192,1019,16819,-91,4,44.04345,-68.89225,4,0.043,1
"2025-08-24 19:00:00",248,13.62,21.63,37,98,130,211,36594,11.02,0.75,23881,179232,-1,0,248,29192,1078,16878,-85,4,44.04338,-68.89227,5,0.043,1
"2025-08-24 20:00:00",249,13.4,20.22,37,130.1,169,211,36594,11.02,0.75,23881,179952,-1,0,249,29192,1135,16935,-91,4,44.04339,-68.8923,5,0.031,1
"2025-08-24 21:00:00",250,13.28,19.39,38,169,169,203,36594,11.02,0.75,23881,180672,-1,0,250,29192,1189,16990,-91,4,44.04335,-68.8923,4,0.015,1
"2025-08-24 22:00:00",251,13.22,19.39,38,157.1,204,211,36594,11.02,0.75,23881,181392,-1,0,251,29192,1259,17059,-89,4,44.04331,-68.89235,4,0.015,1
"2025-08-24 23:00:00",252,13.22,19.24,38,204,204,204,36594,11.02,0.75,23881,182112,-1,0,252,29192,1319,17119,-79,13,44.04331,-68.89235,4,0.011,1
"2025-08-25 00:00:00",253,13.23,19.29,38,190.9,191,204,36594,11.02,0.75,23881,182832,-1,0,253,29192,0.03,17185,-93,4,44.04341,-68.89222,4,0.011,1
"2025-08-25 01:00:00",254,13.23,19.12,38,133,141,204,36594,11.02,0.75,23881,183552,-1,0,254,29192,68.55,17254,-91,4,44.04341,-68.89222,4,0.011,1
"2025-08-25 02:00:00",255,13.24,18.51,39,141,141,204,36594,11.02,0.75,23881,184272,-1,0,255,29192,127.1,17312,-93,4,"NAN","NAN",4,0.011,1
"2025-08-25 03:00:00",256,13.07,18.09,39,122.4,379,204,36594,11.02,0.75,23881,184992,-1,0,256,29192,180.9,17366,-79,4,44.04335,-68.89219,5,-0.001,1
"2025-08-25 04:00:00",257,13.2,18.31,38,378.7,379,203,36594,11.02,0.75,23881,185712,-1,0,257,29192,232.9,17418,-91,4,44.04345,-68.89224,5,-0.001,1
"2025-08-25 05:00:00",258,13.22,18.15,39,171,171,211,36594,11.02,0.75,23881,186432,-1,0,258,29192,380.6,17566,-77,13,"NAN","NAN",4,-0.01,1
"2025-08-25 06:00:00",259,13.22,18.54,39,163,163,204,36594,11.02,0.75,23881,187152,-1,0,259,29192,432.6,17618,-75,13,44.0433,-68.89231,4,-0.01,1
"2025-08-25 07:00:00",260,13.23,18.3,39,134,156,204,36594,11.02,0.75,23881,187872,-1,0,260,29192,497.1,17682,-77,13,44.04328,-68.89233,5,-0.016,1
"2025-08-25 08:00:00",261,13.24,18.21,39,156,165,203,36594,11.02,0.75,23881,188592,-1,0,261,29192,576.3,17762,-81,4,44.04333,-68.89228,5,-0.016,1
"2025-08-25 09:00:00",262,13.41,21.21,38,164.8,165,203,36594,11.02,0.75,23881,189312,-1,0,262,29192,627.2,17813,-79,13,44.04338,-68.89226,6,-0.016,1
"2025-08-25 10:00:00",263,13.32,19.24,38,55.13,149,203,36594,11.02,0.75,23881,190032,-1,0,263,29192,640.9,17826,-77,13,44.04338,-68.89227,6,-0.016,1
"2025-08-25 11:00:00",264,13.49,20.83,37,148.8,149,203,36594,11.02,0.75,23881,190752,-1,0,264,29192,659.7,17845,-79,13,44.0434,-68.89225,4,-0.019,1
"2025-08-25 12:00:00",265,13.82,21.79,36,-10.98,7,203,36594,11.02,0.75,23881,191472,-1,0,265,29192,722.4,17908,-73,13,44.04335,-68.89223,4,-0.019,1
"2025-08-25 13:00:00",266,13.63,21.68,37,7.09,72,203,36594,11.02,0.75,23881,192192,-1,0,266,29192,785,17970,-69,13,44.04333,-68.89223,5,-0.023,1
"2025-08-25 14:00:00",267,13.67,20.9,37,71.97,72,203,36594,11.02,0.75,23881,192912,-1,0,267,29192,846,18031,-73,13,44.04333,-68.8922,6,-0.023,1
"2025-08-25 15:00:00",268,13.67,20.2,37,51.01,59,203,36594,11.02,0.75,23881,193632,-1,0,268,29192,911,18097,-91,4,44.04315,-68.89219,4,-0.03,1
"2025-08-25 16:00:00",269,13.68,20.62,38,59,62,203,36594,11.02,0.75,23881,194352,-1,0,269,29192,976,18161,-91,4,44.04331,-68.89224,4,-0.03,1
"2025-08-25 17:00:00",270,13.65,19.94,38,62.03,85,204,36594,11.02,0.75,23881,195072,-1,0,270,29192,1041,18226,-89,4,44.04329,-68.8922,5,-0.044,1
"2025-08-25 18:00:00",271,13.62,19.29,39,85.1,122,211,36594,11.02,0.75,23881,195792,-1,0,271,29192,1075,18260,0,13,44.04332,-68.89227,5,-0.044,1
"2025-08-25 19:00:00",272,13.41,18.67,38,122,138,203,36594,11.02,0.75,23881,196512,-1,0,272,29192,1128,18313,-79,13,44.04337,-68.8923,4,-0.046,1
"2025-08-25 20:00:00",273,13.3,17.72,39,138,167,204,36594,11.02,0.75,23881,197232,-1,0,273,29192,1171,18356,-91,4,44.04333,-68.8923,4,-0.046,1
"2025-08-25 21:00:00",274,13.22,18.33,39,167,196,204,36594,11.02,0.75,23881,197952,-1,0,274,29192,1222,18408,-51,4,44.04336,-68.89228,6,-0.048,1
"2025-08-25 22:00:00",275,13.23,18.61,39,195.9,196,204,36594,11.02,0.75,23881,198672,-1,0,275,29192,1262,18447,-79,13,44.04338,-68.89229,5,-0.048,1
"2025-08-25 23:00:00",276,13.2,18.86,39,154,189,210,36594,11.02,0.75,23881,199392,-1,0,276,29192,1320,18506,-81,13,44.04337,-68.89226,4,-0.048,1
"2025-08-26 00:00:00",277,13.23,19.17,38,188.9,189,203,36594,11.02,0.75,23881,200112,-1,0,277,29192,0,18570,-77,13,44.04334,-68.89227,4,-0.043,1
"2025-08-26 01:00:00",278,13.21,18.63,38,152.1,189,204,36594,11.02,0.75,23881,200832,-1,0,278,29192,66.15,18636,-77,13,44.04308,-68.89255,4,-0.043,1
"2025-08-26 02:00:00",279,13.22,18.51,38,188.9,189,203,36594,11.02,0.75,23881,201552,-1,0,279,29192,125.1,18695,-91,4,44.04332,-68.89223,4,-0.043,1
"2025-08-26 03:00:00",280,13.22,17.46,39,131,131,203,36594,11.02,0.75,23881,202272,-1,0,280,29192,193,18763,-91,4,44.04331,-68.89224,5,-0.043,1
"2025-08-26 04:00:00",281,13.22,17.31,39,124,131,204,36594,11.02,0.75,23881,202992,-1,0,281,29192,244,18814,-91,4,44.04329,-68.8922,4,-0.046,1
"2025-08-26 05:00:00",282,13.21,17.44,39,131,131,204,36594,11.02,0.75,23881,203712,-1,0,282,29192,288.2,18858,-87,4,44.04329,-68.89217,5,-0.046,1
"2025-08-26 06:00:00",283,13.2,18.14,39,126,135,203,36594,11.02,0.75,23881,204432,-1,0,283,29192,359.1,18929,-87,4,44.0433,-68.8922,4,-0.046,1
"2025-08-26 07:00:00",284,13.38,18.6,38,134.7,135,211,36594,11.02,0.75,23881,205152,-1,0,284,29192,419.6,18989,-75,13,44.04329,-68.89228,6,-0.046,1
"2025-08-26 08:00:00",285,13.46,21.37,37,-49.95,-14,210,36594,11.02,0.75,23881,205872,-1,0,285,29192,488,19058,-75,13,44.04333,-68.89228,5,-0.042,1
"2025-08-26 09:00:00",286,13.48,22.32,37,-14.02,-14,204,36594,11.02,0.75,23881,206592,-1,0,286,29192,519.6,19089,-77,13,44.0433,-68.8923,6,-0.033,1
"2025-08-26 10:00:00",287,13.5,21.89,37,-28.82,104,210,36594,11.02,0.75,23881,207312,-1,0,287,29192,573.1,19143,-77,13,44.04339,-68.89226,4,-0.016,1
"2025-08-26 11:00:00",288,13.67,21.79,37,104,104,203,36594,11.02,0.75,23881,208032,-1,0,288,29192,642,19212,-77,13,44.04338,-68.89227,5,-0.016,1
"2025-08-26 12:00:00",289,13.64,25.02,35,82,82,209,36594,11.02,0.75,23881,208752,-1,0,289,29192,698,19268,-79,13,44.04338,-68.89227,5,-0.01,1
"2025-08-26 13:00:00",290,13.64,23.55,36,72.02,88,203,36594,11.02,0.75,23881,209472,-1,0,290,29192,764.2,19334,-75,13,44.04335,-68.89224,5,-0.01,1
"2025-08-26 14:00:00",291,13.64,23.5,36,88,88,203,36594,11.02,0.75,23881,210192,-1,0,291,29192,829,19399,-89,4,44.04348,-68.89243,4,-0.009,1
"2025-08-26 15:00:00",292,13.64,23.3,36,77.98,78,203,36594,11.02,0.75,23881,210912,-1,0,292,29192,893,19463,-83,13,44.04348,-68.89243,4,-0.009,1
"2025-08-26 16:00:00",293,13.65,22.61,36,60.01,67,204,36594,11.02,0.75,23881,211632,-1,0,293,29192,970,19539,-91,4,44.0433,-68.8922,4,-0.009,1
"2025-08-26 17:00:00",294,13.65,22.26,36,67.03,88,204,36594,11.02,0.75,23881,212352,-1,0,294,29192,1024,19593,-91,4,44.04325,-68.89209,4,-0.008,1
"2025-08-26 18:00:00",295,13.64,22.95,36,88,88,211,36594,11.02,0.75,23881,213072,-1,0,295,29192,1086,19656,-91,4,44.04332,-68.89217,4,-0.008,1
"2025-08-26 19:00:00",296,13.65,19.73,38,83,112,204,36594,11.02,0.75,23881,213792,-1,0,296,29192,1151,19721,-73,13,44.04339,-68.89218,5,-0.008,1
"2025-08-26 20:00:00",297,13.42,17.76,39,112.1,168,203,36594,11.02,0.75,23881,214512,-1,0,297,29192,1207,19777,-73,4,44.04341,-68.89222,5,-0.005,1
"2025-08-26 21:00:00",298,13.3,16.98,39,168,168,203,36594,11.02,0.75,23881,215232,-1,0,298,29192,1245,19815,-77,13,44.04333,-68.89223,5,-0.004,1
"2025-08-26 22:00:00",299,13.23,17.16,38,153,161,203,36594,11.02,0.75,23881,215952,-1,0,299,29192,1318,19887,-79,4,44.04334,-68.89227,5,-0.004,1
"2025-08-26 23:00:00",300,13.23,16.42,39,161,170,203,36594,11.02,0.75,23881,216672,-1,0,300,29192,1381,19951,-79,13,44.04335,-68.89227,4,0.006,1
"2025-08-27 00:00:00",301,13.21,16.44,38,170,172,211,36594,11.02,0.75,23881,217392,-1,0,301,29192,0,20016,-89,4,44.04346,-68.89227,4,0.008,1
"2025-08-27 01:00:00",302,13.22,16.27,38,172,172,204,36594,11.02,0.75,23881,218112,-1,0,302,29192,65.13,20081,0,4,44.04335,-68.89222,5,0.008,1
"2025-08-27 02:00:00",303,13.21,16.22,38,152,152,210,36594,11.02,0.75,23881,218832,-1,0,303,29192,127.6,20143,-83,13,44.04333,-68.89223,4,0.008,1
"2025-08-27 03:00:00",304,13.22,15.88,39,131,131,204,36594,11.02,0.75,23881,219552,-1,0,304,29192,191.7,20207,-81,4,44.04339,-68.89219,5,0.008,1
"2025-08-27 04:00:00",305,13.21,16.06,39,123,138,204,36594,11.02,0.75,23881,220272,-1,0,305,29192,228.3,20244,-83,4,44.0433,-68.89223,5,0.009,1
"2025-08-27 05:00:00",306,13.18,16.07,39,138,164,210,36594,11.02,0.75,23881,220992,-1,0,306,29192,292.2,20308,-87,4,44.04329,-68.89217,5,0.009,1
"2025-08-27 06:00:00",307,13.21,15.93,39,163.9,164,203,36594,11.02,0.75,23881,221712,-1,0,307,29192,366,20381,-85,4,44.04331,-68.8922,4,0.009,1
"2025-08-27 07:00:00",308,13.34,19.52,37,119,119,204,36594,11.02,0.75,23881,222432,-1,0,308,29192,418.5,20434,-75,13,44.04329,-68.89217,4,0.009,1
"2025-08-27 08:00:00",309,13.54,22.77,37,100.7,101,203,36594,11.02,0.75,23881,223152,-1,0,309,29192,478.2,20494,-77,13,44.04333,-68.89228,4,0.018,1
"2025-08-27 09:00:00",310,13.63,24.58,37,-97.9,-32,204,36594,11.02,0.75,23881,223872,-1,0,310,29192,524.6,20540,-75,13,44.04331,-68.89228,5,0.023,1
"2025-08-27 10:00:00",311,13.62,25.42,37,-31.82,97,204,36594,11.02,0.75,23881,224592,-1,0,311,29192,595.3,20611,0,4,44.04332,-68.89228,4,0.049,1
"2025-08-27 11:00:00",312,13.62,24.9,37,97,97,204,36594,11.02,0.75,23881,225312,-1,0,312,29192,648.4,20664,-91,4,44.04338,-68.89228,4,0.049,1
"2025-08-27 12:00:00",313,13.62,23.4,37,93,93,204,36594,11.02,0.75,23881,226032,-1,0,313,29192,682.9,20698,-91,13,44.04326,-68.89228,4,0.049,1
"2025-08-27 13:00:00",314,13.62,24.14,36,89,89,203,36594,11.02,0.75,23881,226752,-1,0,314,29192,737.2,20753,-73,13,44.04338,-68.89224,5,0.049,1
"2025-08-27 14:00:00",315,13.61,24.14,36,83,92,211,36594,11.02,0.75,23881,227472,-1,0,315,29192,806,20822,-75,13,44.04338,-68.89224,5,0.023,1
"2025-08-27 15:00:00",316,13.61,23.53,36,92,92,204,36594,11.02,0.75,23881,228192,-1,0,316,29192,868,20884,-73,13,44.04334,-68.8922,4,0.023,1
"2025-08-27 16:00:00",317,13.6,23.09,37,89,89,212,36594,11.02,0.75,23881,228912,-1,0,317,29192,925,20941,-73,13,44.04333,-68.8922,4,0.022,1
"2025-08-27 17:00:00",318,13.64,19.44,38,88,115,203,36594,11.02,0.75,23881,229632,-1,0,318,29192,983,20998,-91,4,44.04331,-68.89208,4,0.022,1
"2025-08-27 18:00:00",319,13.74,18.92,38,115,115,204,36594,11.02,0.75,23881,230352,-1,0,319,29192,1043,21059,-89,4,44.04331,-68.89208,4,0.022,1
"2025-08-27 19:00:00",320,13.62,18.9,38,83.1,138,204,36594,11.02,0.75,23881,231072,-1,0,320,29192,1104,21119,-89,13,44.04329,-68.89217,7,0.022,1
"2025-08-27 20:00:00",321,13.37,17.07,39,138,168,203,36594,11.02,0.75,23881,231792,-1,0,321,29192,1139,21155,-89,4,44.04333,-68.89226,4,0.022,1
"2025-08-27 21:00:00",322,13.29,17.06,39,168,168,203,36594,11.02,0.75,23881,232512,-1,0,322,29192,1170,21185,-79,13,44.04334,-68.89222,5,0.022,1
"2025-08-27 22:00:00",323,13.23,16.88,39,154,158,204,36594,11.02,0.75,23881,233232,-1,0,323,29192,1227,21242,-77,4,44.04333,-68.89224,6,0.023,1
"2025-08-27 23:00:00",324,13.23,16.93,39,158,162,203,36594,11.02,0.75,23881,233952,-1,0,324,29192,1292,21307,-89,4,44.04336,-68.89225,8,0.025,1
"2025-08-28 00:00:00",325,13.22,16.75,39,162,162,204,36594,11.02,0.75,23881,234672,-1,0,325,29192,0,21391,-91,4,44.04328,-68.89243,4,0.03,1
"2025-08-28 01:00:00",326,13.22,16.3,39,161,161,203,36594,11.02,0.75,23881,235392,-1,0,326,29192,61.8,21453,-91,4,44.04333,-68.89226,5,0.03,1
"2025-08-28 02:00:00",327,13.19,16.15,39,158,182,204,36594,11.02,0.75,23881,236112,-1,0,327,29192,119,21510,-71,13,44.04332,-68.89224,4,0.034,1
"2025-08-28 03:00:00",328,13.21,15.91,39,181.9,182,204,36594,11.02,0.75,23881,236832,-1,0,328,29192,182.7,21574,-83,4,44.04333,-68.8922,4,0.034,1
"2025-08-28 04:00:00",329,13.21,15.96,39,134,134,203,36594,11.02,0.75,23881,237552,-1,0,329,29192,239,21630,-93,4,"NAN","NAN",4,0.035,1
"2025-08-28 05:00:00",330,13.21,15.9,39,127,140,204,36594,11.02,0.75,23881,238272,-1,0,330,29192,306.2,21697,-91,4,44.04328,-68.89221,4,0.036,1
"2025-08-28 06:00:00",331,13.2,15.65,40,140,140,204,36594,11.02,0.75,23881,238992,-1,0,331,29192,338,21729,-51,4,44.04328,-68.8922,5,0.037,1
"2025-08-28 07:00:00",332,13.5,19.44,38,125.8,126,210,36594,11.02,0.75,23881,239712,-1,0,332,29192,419.8,21811,-79,13,44.04321,-68.8923,4,0.041,1
"2025-08-28 08:00:00",333,13.57,23.43,37,-37.99,-31,203,36594,11.02,0.75,23881,240432,-1,0,333,29192,476.5,21868,-91,4,44.04329,-68.89223,6,0.045,1
"2025-08-28 09:00:00",334,13.62,22.78,38,-30.86,68,211,36594,11.02,0.75,23881,241152,-1,0,334,29192,549.2,21940,-97,13,44.04326,-68.89227,4,0.063,1
"2025-08-28 10:00:00",335,13.65,23.27,37,68,71,203,36594,11.02,0.75,23881,241872,-1,0,335,29192,605.1,21996,-73,13,44.04328,-68.89221,4,0.092,1
"2025-08-28 11:00:00",336,13.65,22.54,37,71.04,102,204,36594,11.02,0.75,23881,242592,-1,0,336,29192,717.8,22109,-89,4,44.04333,-68.89227,5,0.092,1
"2025-08-28 12:00:00",337,13.67,22,37,102,102,204,36594,11.02,0.75,23881,243312,-1,0,337,29192,834,22225,-79,13,"NAN","NAN",4,0.092,1
"2025-08-28 13:00:00",338,13.68,22.83,37,95,98,204,36594,11.02,0.75,23881,244032,-1,0,338,29192,894,22285,-85,4,44.04338,-68.89217,4,0.077,1
"2025-08-28 14:00:00",339,13.64,23.2,36,98,98,210,36594,11.02,0.75,23881,244752,-1,0,339,29192,958,22349,-73,13,44.04337,-68.89219,4,0.077,1
"2025-08-28 15:00:00",340,13.64,23.74,36,94,94,204,36594,11.02,0.75,23881,245472,-1,0,340,29192,1037,22428,-71,13,44.04329,-68.89219,4,0.074,1
"2025-08-28 16:00:00",341,13.64,22.52,37,88,88,210,36594,11.02,0.75,23881,246192,-1,0,341,29192,1100,22491,-75,13,44.04329,-68.89219,4,0.074,1
"2025-08-28 17:00:00",342,13.67,21.81,38,75.95,76,204,36594,11.02,0.75,23881,246912,-1,0,342,29192,1163,22554,-71,13,44.04336,-68.8922,4,0.067,1
"2025-08-28 18:00:00",343,13.67,22.9,37,43.03,61,204,36594,11.02,0.75,23881,247632,-1,0,343,29192,1229,22620,-91,4,44.04332,-68.89217,5,0.067,1
"2025-08-28 19:00:00",344,13.56,20.74,38,61.11,138,204,36594,11.02,0.75,23881,248352,-1,0,344,29192,1291,22682,-87,4,44.04336,-68.89214,5,0.065,1
"2025-08-28 20:00:00",345,13.32,18.67,39,138.1,199,203,36594,11.02,0.75,23881,249072,-1,0,345,29192,1347,22738,-77,13,44.04336,-68.89214,5,0.065,1
"2025-08-28 21:00:00",346,13.25,18.59,39,198.9,199,204,36594,11.02,0.75,23881,249792,-1,0,346,29192,1404,22795,-91,13,"NAN","NAN",4,0.064,1
"2025-08-28 22:00:00",347,13.23,18.37,39,160,163,204,36594,11.02,0.75,23881,250512,-1,0,347,29192,1467,22858,-89,4,44.04336,-68.89228,4,0.064,1
"2025-08-28 23:00:00",348,13.23,18.44,40,163,168,204,36594,11.02,0.75,23881,251232,-1,0,348,29192,1532,22923,-91,4,"NAN","NAN",4,0.062,1
"2025-08-29 00:00:00",349,13.21,18.9,40,168,194,211,36594,11.02,0.75,23881,251952,-1,0,349,29192,0,23008,-91,4,"NAN","NAN",4,0.062,1
"2025-08-29 01:00:00",350,13.21,18.44,39,194,196,211,36594,11.02,0.75,23881,252672,-1,0,350,29192,58.02,23066,-93,4,"NAN","NAN",4,0.051,1
"2025-08-29 02:00:00",351,13.2,18.47,39,196,196,211,36594,11.02,0.75,23881,253392,-1,0,351,29192,119,23127,-91,4,44.04336,-68.89225,5,0.051,1
"2025-08-29 03:00:00",352,13.19,18.47,39,193,202,211,36594,11.02,0.75,23881,254112,-1,0,352,29192,182,23190,-81,13,44.04334,-68.89221,4,0.048,1
"2025-08-29 04:00:00",353,13.22,18.95,39,201.9,202,204,36594,11.02,0.75,23881,254832,-1,0,353,29192,241,23249,-83,13,44.04334,-68.89222,4,0.048,1
"2025-08-29 05:00:00",354,13.22,18.4,39,152,152,210,36594,11.02,0.75,23881,255552,-1,0,354,29192,303.4,23312,-79,13,44.04336,-68.89221,4,0.039,1
"2025-08-29 06:00:00",355,13.22,18.23,39,124,140,204,36594,11.02,0.75,23881,256272,-1,0,355,29192,363.2,23372,-77,13,44.04334,-68.89221,5,0.039,1
"2025-08-29 07:00:00",356,13.26,18.86,39,140,140,211,36594,11.02,0.75,23881,256992,-1,0,356,29192,440,23448,-87,4,44.04338,-68.89224,4,0.039,1
"2025-08-29 08:00:00",357,13.32,19.92,39,123,123,204,36594,11.02,0.75,23881,257712,-1,0,357,29192,499.5,23508,-73,13,44.04336,-68.89221,5,0.04,1
"2025-08-29 09:00:00",358,13.56,23.01,38,111.7,112,211,36594,11.02,0.75,23881,258432,-1,0,358,29192,562.7,23571,-85,4,44.04332,-68.89229,4,0.04,1
"2025-08-29 10:00:00",359,13.52,22.94,38,-134.9,-46,203,36594,11.02,0.75,23881,259152,-1,0,359,29192,634.9,23643,-89,4,44.04338,-68.89226,5,0.045,1
"2025-08-29 11:00:00",360,13.39,18.61,39,-45.85,64,203,36594,11.02,0.75,23881,259872,-1,0,360,29192,704.3,23713,-91,4,44.04333,-68.89227,4,0.053,1
"2025-08-29 12:00:00",361,13.73,22.57,38,64.02,75,204,36594,11.02,0.75,23881,260592,-1,0,361,29192,756.1,23765,-91,4,44.04338,-68.8923,5,0.053,1
"2025-08-29 13:00:00",362,13.64,23.63,38,75.07,125,211,36594,11.02,0.75,23881,261312,-1,0,362,29192,803,23811,-89,4,44.04329,-68.89223,4,0.053,1
"2025-08-29 14:00:00",363,13.61,22.4,38,125,125,203,36594,11.02,0.75,23881,262032,-1,0,363,29192,914,23922,-91,4,44.04319,-68.89223,4,0.048,1
"2025-08-29 15:00:00",364,13.64,21.1,38,105,105,211,36594,11.02,0.75,23881,262752,-1,0,364,29192,983,23992,0,4,44.04336,-68.89223,4,0.036,1
"2025-08-29 16:00:00",365,13.67,21.3,37,81,81,203,36594,11.02,0.75,23881,263472,-1,0,365,29192,1027,24035,-73,13,44.04329,-68.8922,5,0.034,1
"2025-08-29 17:00:00",366,13.66,21.9,37,77.01,84,210,36594,11.02,0.75,23881,264192,-1,0,366,29192,1122,24131,-77,13,44.04329,-68.8922,5,0.034,1
"2025-08-29 18:00:00",367,13.64,19.89,38,84,103,204,36594,11.02,0.75,23881,264912,-1,0,367,29192,1193,24201,-79,13,44.04335,-68.89224,4,0.023,1
"2025-08-29 19:00:00",368,13.46,18.97,39,103,138,203,36594,11.02,0.75,23881,265632,-1,0,368,29192,1271,24279,-83,13,44.04331,-68.89221,5,0.023,1
"2025-08-29 20:00:00",369,13.27,18.34,39,138.1,187,203,36594,11.02,0.75,23881,266352,-1,0,369,29192,1336,24345,-77,13,44.04336,-68.89223,5,0.023,1
"2025-08-29 21:00:00",370,13.25,17.87,40,187,187,204,36594,11.02,0.75,23881,267072,-1,0,370,29192,1392,24400,-83,4,44.04334,-68.89214,4,0.023,1
"2025-08-29 22:00:00",371,13.23,17.54,40,162,170,212,36594,11.02,0.75,23881,267792,-1,0,371,29192,1460,24469,-77,13,44.04335,-68.89228,5,0.023,1
"2025-08-29 23:00:00",372,13.24,17.41,40,170,170,203,36594,11.02,0.75,23881,268512,-1,0,372,29192,1519,24527,-77,13,44.04339,-68.89204,4,0.023,1
"2025-08-30 00:00:00",373,13.22,18.41,39,147,171,210,36594,11.02,0.75,23881,269232,-1,0,373,29192,0.013,24581,-51,4,44.04336,-68.8923,4,0.004,1
"2025-08-30 01:00:00",374,13.23,17.68,39,171,173,204,36594,11.02,0.75,23881,269952,-1,0,374,29192,52.24,24634,-93,4,44.04338,-68.8923,4,0.004,1
"2025-08-30 02:00:00",375,13.2,17.43,40,173,205,203,36594,11.02,0.75,23881,270672,-1,0,375,29192,113.3,24695,-91,4,44.04336,-68.89226,6,0,1
"2025-08-30 03:00:00",376,13.22,17.21,40,205,205,210,36594,11.02,0.75,23881,271392,-1,0,376,29192,166.7,24748,-91,4,44.04334,-68.89223,4,0,1
"2025-08-30 04:00:00",377,13.21,17.09,40,173,173,203,36594,11.02,0.75,23881,272112,-1,0,377,29192,233.3,24815,-87,4,44.04334,-68.89223,5,-0.012,1
"2025-08-30 05:00:00",378,13.21,16.74,40,161,161,203,36594,11.02,0.75,23881,272832,-1,0,378,29192,298.2,24879,-73,13,44.04338,-68.89226,4,-0.012,1
"2025-08-30 06:00:00",379,13.21,16.59,40,149,149,203,36594,11.02,0.75,23881,273552,-1,0,379,29192,358,24939,-79,13,44.04333,-68.8922,5,-0.021,1
"2025-08-30 07:00:00",380,13.36,18.02,39,122.9,123,203,36594,11.02,0.75,23881,274272,-1,0,380,29192,413.4,24995,-91,4,44.04329,-68.89223,4,-0.021,1
"2025-08-30 08:00:00",381,13.53,19.44,39,57.82,58,204,36594,11.02,0.75,23881,274992,-1,0,381,29192,485.9,25067,-93,4,44.04329,-68.8922,5,-0.021,1
"2025-08-30 09:00:00",382,13.59,21.81,38,-74.05,-74,204,36594,11.02,0.75,23881,275712,-1,0,382,29192,550,25131,-75,13,44.04328,-68.89217,4,-0.011,1
"2025-08-30 10:00:00",383,13.65,23.48,38,-108.7,86,203,36594,11.02,0.75,23881,276432,-1,0,383,29192,612,25193,-71,13,44.04333,-68.8922,5,-0.006,1
"2025-08-30 11:00:00",384,13.61,24,37,86,111,204,36594,11.02,0.75,23881,277152,-1,0,384,29192,651.7,25233,-89,13,44.04338,-68.89224,5,-0.006,1
"2025-08-30 12:00:00",385,13.62,24.5,37,111,111,204,36594,11.02,0.75,23881,277872,-1,0,385,29192,716.2,25297,-89,4,44.04334,-68.89228,4,0.012,1
"2025-08-30 13:00:00",386,13.62,23.12,37,90,90,203,36594,11.02,0.75,23881,278592,-1,0,386,29192,774.1,25355,0,13,44.04334,-68.89224,6,0.018,1
"2025-08-30 14:00:00",387,13.63,22.29,38,68.03,93,204,36594,11.02,0.75,23881,279312,-1,0,387,29192,845,25426,-79,13,44.04339,-68.89225,4,0.018,1
"2025-08-30 15:00:00",388,13.65,22.78,37,93,93,210,36594,11.02,0.75,23881,280032,-1,0,388,29192,905,25487,-73,13,44.04336,-68.89223,4,0.018,1
"2025-08-30 16:00:00",389,13.64,23.14,37,63.02,78,204,36594,11.02,0.75,23881,280752,-1,0,389,29192,966,25547,-75,13,44.04333,-68.89223,6,0.018,1
"2025-08-30 17:00:00",390,13.64,23.4,37,78.01,83,211,36594,11.02,0.75,23881,281472,-1,0,390,29192,1032,25613,-75,13,44.04333,-68.89223,6,0.018,1
"2025-08-30 18:00:00",391,13.55,19.63,38,83.1,133,203,36594,11.02,0.75,23881,282192,-1,0,391,29192,1092,25673,-67,13,44.04333,-68.89223,6,0.016,1
"2025-08-30 19:00:00",392,13.4,18.73,39,133,145,204,36594,11.02,0.75,23881,282912,-1,0,392,29192,1148,25729,-91,4,44.04333,-68.89223,6,0.016,1
"2025-08-30 20:00:00",393,13.28,18.19,40,145,148,204,36594,11.02,0.75,23881,283632,-1,0,393,29192,1210,25791,-85,4,44.04329,-68.89217,4,0.016,1
"2025-08-30 21:00:00",394,13.23,18.59,40,148,158,204,36594,11.02,0.75,23881,284352,-1,0,394,29192,1319,25901,-75,4,44.04332,-68.89212,5,0.019,1
"2025-08-30 22:00:00",395,13.23,17.49,40,158,158,203,36594,11.02,0.75,23881,285072,-1,0,395,29192,1369,25950,-87,4,44.04331,-68.89216,4,0.035,1
"2025-08-30 23:00:00",396,13.23,17.69,39,157,157,203,36594,11.02,0.75,23881,285792,-1,0,396,29192,1431,26013,-75,13,44.04333,-68.89226,4,0.035,1
"2025-08-31 00:00:00",397,13.2,17.53,40,142.1,183,204,36594,11.02,0.75,23881,286512,-1,0,397,29192,0.011,26080,-75,13,44.04329,-68.89224,4,0.037,1
"2025-08-31 01:00:00",398,13.22,17.31,40,183,183,211,36594,11.02,0.75,23881,287232,-1,0,398,29192,96.2,26176,-91,4,44.04334,-68.89226,5,0.037,1
"2025-08-31 02:00:00",399,13.21,16.85,40,173,173,204,36594,11.02,0.75,23881,287952,-1,0,399,29192,161.7,26241,-89,4,44.0434,-68.89229,4,0.037,1
"2025-08-31 03:00:00",400,13.22,16.76,40,166,171,204,36594,11.02,0.75,23881,288672,-1,0,400,29192,237.7,26317,-91,4,44.04345,-68.8923,5,0.041,1
"2025-08-31 04:00:00",401,13.19,16.71,39,171,190,204,36594,11.02,0.75,23881,289392,-1,0,401,29192,297.3,26377,-75,13,44.04338,-68.89223,4,0.045,1
"2025-08-31 05:00:00",402,13.19,16.63,40,190,190,203,36594,11.02,0.75,23881,290112,-1,0,402,29192,356.4,26436,-77,13,44.04338,-68.89223,4,0.045,1
"2025-08-31 06:00:00",403,13.21,16.19,39,162.9,163,204,36594,11.02,0.75,23881,290832,-1,0,403,29192,414.7,26494,-91,4,44.04333,-68.89217,4,0.052,1
"2025-08-31 07:00:00",404,13.56,19.55,39,117.6,118,204,36594,11.02,0.75,23881,291552,-1,0,404,29192,451,26531,0,4,44.04333,-68.89214,4,0.052,1
"2025-08-31 08:00:00",405,13.55,21.03,39,-135.9,-89,203,36594,11.02,0.75,23881,292272,-1,0,405,29192,496.4,26576,-87,4,44.0433,-68.89223,6,0.063,1
"2025-08-31 09:00:00",406,13.68,22.18,39,-88.8,60,211,36594,11.02,0.75,23881,292992,-1,0,406,29192,583.5,26663,-89,4,44.04329,-68.89217,4,0.07,1
"2025-08-31 10:00:00",407,13.64,24.14,38,60.04,87,204,36594,11.02,0.75,23881,293712,-1,0,407,29192,648.2,26728,-75,13,44.04328,-68.8922,4,0.087,1
"2025-08-31 11:00:00",408,13.59,25.08,37,87,87,203,36594,11.02,0.75,23881,294432,-1,0,408,29192,707.8,26787,-73,13,44.0433,-68.89227,5,0.088,1
"2025-08-31 12:00:00",409,13.58,25.79,36,64.05,102,203,36594,11.02,0.75,23881,295152,-1,0,409,29192,802,26881,-77,13,44.04333,-68.89224,4,0.107,1
"2025-08-31 13:00:00",410,13.59,23.46,37,102,108,204,36594,11.02,0.75,23881,295872,-1,0,410,29192,943,27023,-85,4,44.04333,-68.89223,4,0.107,1
"2025-08-31 14:00:00",411,13.62,23.38,37,108,108,203,36594,11.02,0.75,23881,296592,-1,0,411,29192,991,27071,-89,4,44.0433,-68.89223,4,0.107,1
"2025-08-31 15:00:00",412,13.57,25.23,36,78.03,97,210,36594,11.02,0.75,23881,297312,-1,0,412,29192,1050,27130,-71,13,44.04338,-68.89223,4,0.107,1
"2025-08-31 16:00:00",413,13.6,26.25,37,97,104,204,36594,11.02,0.75,23881,298032,-1,0,413,29192,1109,27189,-73,13,44.04334,-68.89221,4,0.107,1
"2025-08-31 17:00:00",414,13.59,24.36,38,104,104,204,36594,11.02,0.75,23881,298752,-1,0,414,29192,1170,27249,-75,13,44.04331,-68.8922,4,0.101,1
"2025-08-31 18:00:00",415,13.61,23.63,37,99,99,204,36594,11.02,0.75,23881,299472,-1,0,415,29192,1233,27313,-73,13,44.04331,-68.8922,4,0.101,1
"2025-08-31 19:00:00",416,13.57,21.14,38,68.09,131,204,36594,11.02,0.75,23881,300192,-1,0,416,29192,1297,27377,-85,4,44.04331,-68.8922,4,0.094,1
"2025-08-31 20:00:00",417,13.35,18.46,40,131,161,204,36594,11.02,0.75,23881,300912,-1,0,417,29192,1364,27443,-87,4,44.04334,-68.89223,4,0.094,1
"2025-08-31 21:00:00",418,13.25,18.14,40,161,167,203,36594,11.02,0.75,23881,301632,-1,0,418,29192,1429,27509,-91,4,44.04331,-68.89214,4,0.094,1
"2025-08-31 22:00:00",419,13.24,17.89,40,167,167,203,36594,11.02,0.75,23881,302352,-1,0,419,29192,1490,27569,-75,13,44.04334,-68.89212,4,0.094,1
"2025-08-31 23:00:00",420,13.21,17.72,39,144.1,184,210,36594,11.02,0.75,23881,303072,-1,0,420,29192,1552,27632,-77,13,44.04331,-68.89211,4,0.1,1
"2025-09-01 00:00:00",421,13.23,17.23,40,184,184,204,36594,11.02,0.75,23881,303792,-1,0,421,29192,0.034,0,-75,13,44.04346,-68.8922,4,0.1,1
"2025-09-01 01:00:00",422,13.22,17.1,40,158,160,204,36594,11.02,0.75,23881,304512,-1,0,422,29192,68.07,68,-93,4,44.04333,-68.89225,6,0.101,1
"2025-09-01 02:00:00",423,13.22,17.05,40,160,164,203,36594,11.02,0.75,23881,305232,-1,0,423,29192,122,122,-91,4,44.04333,-68.89228,5,0.101,1
"2025-09-01 03:00:00",424,13.2,16.86,40,164,186,204,36594,11.02,0.75,23881,305952,-1,0,424,29192,212.6,212,-89,4,44.04336,-68.89227,4,0.106,1
"2025-09-01 04:00:00",425,13.22,17.36,40,186,186,203,36594,11.02,0.75,23881,306672,-1,0,425,29192,270,269,-89,4,44.04337,-68.89223,4,0.106,1
"2025-09-01 05:00:00",426,13.21,17.42,40,154,154,204,36594,11.02,0.75,23881,307392,-1,0,426,29192,327.7,327,-91,4,44.04335,-68.89226,5,0.106,1
"2025-09-01 06:00:00",427,13.22,17.61,40,153,159,204,36594,11.02,0.75,23881,308112,-1,0,427,29192,388.7,388,-87,4,44.04333,-68.89223,4,0.106,1
"2025-09-01 07:00:00",428,13.43,20.49,39,158.8,159,210,36594,11.02,0.75,23881,308832,-1,0,428,29192,446.7,446,-75,13,44.04328,-68.89223,5,0.109,1
"2025-09-01 08:00:00",429,13.59,21.67,39,21.69,22,204,36594,11.02,0.75,23881,309552,-1,0,429,29192,507.5,507,0,4,44.04337,-68.89224,4,0.109,1
"2025-09-01 09:00:00",430,13.67,23.4,40,-198.6,56,211,36594,11.02,0.75,23881,310272,-1,0,430,29192,570.5,570,-91,4,44.04332,-68.89223,5,0.121,1
"2025-09-01 10:00:00",431,13.62,25.53,40,56,56,204,36594,11.02,0.75,23881,310992,-1,0,431,29192,590.2,590,0,4,44.04327,-68.8922,4,0.134,1
"2025-09-01 11:00:00",432,13.57,27.77,38,53.03,75,204,36594,11.02,0.75,23881,311712,-1,0,432,29192,627,627,-79,13,44.0433,-68.89221,6,0.137,1
"2025-09-01 12:00:00",433,13.57,28.28,38,75.02,86,203,36594,11.02,0.75,23881,312432,-1,0,433,29192,689.5,689,-85,4,44.04328,-68.89227,4,0.137,1
"2025-09-01 13:00:00",434,13.55,28.95,37,86,113,204,36594,11.02,0.75,23881,313152,-1,0,434,29192,740.5,740,-77,13,44.04331,-68.89229,5,0.146,1
"2025-09-01 14:00:00",435,13.54,27.86,37,113,114,203,36594,11.02,0.75,23881,313872,-1,0,435,29192,806,806,-87,4,44.04338,-68.8923,4,0.15,1
"2025-09-01 15:00:00",436,13.54,26.99,37,114,114,203,36594,11.02,0.75,23881,314592,-1,0,436,29192,878,877,-89,4,44.04331,-68.89225,4,0.154,1
"2025-09-01 16:00:00",437,13.54,26.18,37,103,111,203,36594,11.02,0.75,23881,315312,-1,0,437,29192,935,934,-79,4,44.04335,-68.8922,6,0.154,1
"2025-09-01 17:00:00",438,13.56,25.34,37,111,111,204,36594,11.02,0.75,23881,316032,-1,0,438,29192,1002,1002,-85,4,44.04333,-68.89222,5,0.154,1
"2025-09-01 18:00:00",439,13.62,23.91,37,85,85,204,36594,11.02,0.75,23881,316752,-1,0,439,29192,1070,1070,-87,4,44.04333,-68.89224,5,0.141,1
"2025-09-01 19:00:00",440,13.51,21.84,38,82.1,168,204,36594,11.02,0.75,23881,317472,-1,0,440,29192,1156,1156,-71,13,44.04331,-68.8922,4,0.141,1
"2025-09-01 20:00:00",441,13.34,19.07,39,168,168,203,36594,11.02,0.75,23881,318192,-1,0,441,29192,1221,1220,-73,13,44.0433,-68.8922,4,0.141,1
"2025-09-01 21:00:00",442,13.26,18.48,40,137,137,203,36594,11.02,0.75,23881,318912,-1,0,442,29192,1301,1300,-89,4,44.04329,-68.89222,4,0.141,1
"2025-09-01 22:00:00",443,13.24,18.15,40,132,141,203,36594,11.02,0.75,23881,319632,-1,0,443,29192,1366,1365,-89,4,44.04332,-68.89216,5,0.118,1
"2025-09-01 23:00:00",444,13.2,17.54,40,141,173,211,36594,11.02,0.75,23881,320352,-1,0,444,29192,1437,1437,-91,4,44.04335,-68.89216,6,0.118,1
"2025-09-02 00:00:00",445,13.22,17.33,40,173,173,204,36594,11.02,0.75,23881,321072,-1,0,445,29192,0,1499,0,4,44.04333,-68.89214,5,0.118,1
"2025-09-02 01:00:00",446,13.22,17.34,40,158,158,204,36594,11.02,0.75,23881,321792,-1,0,446,29192,54.81,1553,-85,4,44.0434,-68.89223,4,0.118,1
"2025-09-02 02:00:00",447,13.22,16.89,41,145,157,204,36594,11.02,0.75,23881,322512,-1,0,447,29192,73.24,1572,-81,13,44.04334,-68.89229,7,0.114,1
"2025-09-02 03:00:00",448,13.21,17.48,39,157,161,203,36594,11.02,0.75,23881,323232,-1,0,448,29192,147.7,1646,-89,4,44.04338,-68.89224,5,0.114,1
"2025-09-02 04:00:00",449,13.2,17.25,40,161,165,210,36594,11.02,0.75,23881,323952,-1,0,449,29192,210.6,1709,-91,4,44.04337,-68.89227,4,0.098,1
"2025-09-02 05:00:00",450,13.19,16.72,40,165,186,204,36594,11.02,0.75,23881,324672,-1,0,450,29192,269.7,1768,-87,4,44.04337,-68.89228,4,0.098,1
"2025-09-02 06:00:00",451,13.18,16.91,40,186,192,203,36594,11.02,0.75,23881,325392,-1,0,451,29192,336,1834,-77,13,44.04337,-68.89224,5,0.096,1
"2025-09-02 07:00:00",452,13.37,18.65,39,191.8,192,204,36594,11.02,0.75,23881,326112,-1,0,452,29192,394.6,1893,-87,4,44.04333,-68.89223,6,0.096,1
"2025-09-02 08:00:00",453,13.39,20.92,38,42.03,64,203,36594,11.02,0.75,23881,326832,-1,0,453,29192,461.8,1960,-51,4,44.04334,-68.89223,4,0.096,1
"2025-09-02 09:00:00",454,13.5,22.44,39,63.82,64,210,36594,11.02,0.75,23881,327552,-1,0,454,29192,519,2017,-77,13,44.04319,-68.89228,4,0.099,1
"2025-09-02 10:00:00",455,13.72,24.02,39,-65.87,29,204,36594,11.02,0.75,23881,328272,-1,0,455,29192,583.6,2082,-75,13,44.04328,-68.89223,5,0.105,1
"2025-09-02 11:00:00",456,13.65,24.72,39,29.06,72,210,36594,11.02,0.75,23881,328992,-1,0,456,29192,643.4,2142,-73,13,44.04328,-68.89219,5,0.105,1
"2025-09-02 12:00:00",457,13.56,25.82,38,72.03,93,210,36594,11.02,0.75,23881,329712,-1,0,457,29192,705.6,2204,-89,4,44.04331,-68.89216,6,0.11,1
"2025-09-02 13:00:00",458,13.58,27.42,38,93,99,204,36594,11.02,0.75,23881,330432,-1,0,458,29192,741.9,2240,0,4,44.04338,-68.89219,4,0.11,1
"2025-09-02 14:00:00",459,13.57,26.36,38,99,103,210,36594,11.02,0.75,23881,331152,-1,0,459,29192,790,2289,-79,13,44.04336,-68.89226,4,0.11,1
"2025-09-02 15:00:00",460,13.56,27.69,37,103,106,203,36594,11.02,0.75,23881,331872,-1,0,460,29192,873,2371,-79,13,44.04334,-68.89228,5,0.11,1
"2025-09-02 16:00:00",461,13.55,27.35,37,106,113,211,36594,11.02,0.75,23881,332592,-1,0,461,29192,954,2453,-77,13,44.04338,-68.89221,4,0.106,1
"2025-09-02 17:00:00",462,13.57,27.62,37,113,113,209,36594,11.02,0.75,23881,333312,-1,0,462,29192,1019,2518,-89,4,44.04329,-68.89217,5,0.106,1
"2025-09-02 18:00:00",463,13.56,25.48,38,104,104,204,36594,11.02,0.75,23881,334032,-1,0,463,29192,1073,2571,-87,4,44.04346,-68.89216,4,0.106,1
"2025-09-02 19:00:00",464,13.52,22.67,39,91.1,134,204,36594,11.02,0.75,23881,334752,-1,0,464,29192,1132,2631,-89,4,44.04339,-68.89213,4,0.106,1
"2025-09-02 20:00:00",465,13.3,20.38,39,134.1,189,204,36594,11.02,0.75,23881,335472,-1,0,465,29192,1192,2691,-89,4,44.04328,-68.89223,4,0.106,1
"2025-09-02 21:00:00",466,13.26,19.26,40,188.9,189,204,36594,11.02,0.75,23881,336192,-1,0,466,29192,1251,2749,-75,13,44.04337,-68.89225,4,0.106,1
"2025-09-02 22:00:00",467,13.24,18.65,41,142,142,204,36594,11.02,0.75,23881,336912,-1,0,467,29192,1361,2860,-89,4,44.04338,-68.89218,5,0.061,1
"2025-09-02 23:00:00",468,13.23,18.42,40,129,148,204,36594,11.02,0.75,23881,337632,-1,0,468,29192,1443,2941,0,4,44.04332,-68.89219,5,0.061,1
"2025-09-03 00:00:00",469,13.22,18.59,40,148,173,204,36594,11.02,0.75,23881,338352,-1,0,469,29192,0,3004,-73,13,44.04333,-68.89218,5,0.051,1
"2025-09-03 01:00:00",470,13.23,17.81,41,172.9,173,212,36594,11.02,0.75,23881,339072,-1,0,470,29192,53.79,3058,-79,13,44.04335,-68.89222,7,0.051,1
"2025-09-03 02:00:00",471,13.22,17.67,41,136,150,210,36594,11.02,0.75,23881,339792,-1,0,471,29192,117.5,3122,0,13,44.04333,-68.8923,4,0.043,1
"2025-09-03 03:00:00",472,13.22,17.11,41,150,150,203,36594,11.02,0.75,23881,340512,-1,0,472,29192,137.1,3141,-89,4,44.0434,-68.89226,6,0.043,1
"2025-09-03 04:00:00",473,13.21,18.13,41,142.1,178,203,36594,11.02,0.75,23881,341232,-1,0,473,29192,216.1,3221,-85,4,44.04319,-68.89228,4,0.04,1
"2025-09-03 05:00:00",474,13.22,18.4,41,178,178,211,36594,11.02,0.75,23881,341952,-1,0,474,29192,280.1,3284,-93,4,44.04338,-68.89224,4,0.04,1
"2025-09-03 06:00:00",475,13.21,18.05,41,156,160,203,36594,11.02,0.75,23881,342672,-1,0,475,29192,351.7,3356,-91,4,44.04338,-68.89225,4,0.033,1
"2025-09-03 07:00:00",476,13.48,19.69,40,159.7,160,204,36594,11.02,0.75,23881,343392,-1,0,476,29192,415.5,3420,-89,4,44.04334,-68.89224,6,0.033,1
"2025-09-03 08:00:00",477,13.42,20.42,40,-65.84,46,204,36594,11.02,0.75,23881,344112,-1,0,477,29192,476,3480,-87,4,44.04335,-68.89223,4,0.033,1
"2025-09-03 09:00:00",478,13.51,24.6,40,45.89,46,203,36594,11.02,0.75,23881,344832,-1,0,478,29192,545.9,3550,-79,13,44.04333,-68.89221,5,0.033,1
"2025-09-03 10:00:00",479,13.59,25.09,39,-29.7,188,203,36594,11.02,0.75,23881,345552,-1,0,479,29192,597,3601,-77,13,44.04332,-68.89219,5,0.033,1
"2025-09-03 11:00:00",480,13.59,23.54,38,187.8,188,203,36594,11.02,0.75,23881,346272,-1,0,480,29192,655.4,3660,-75,13,44.04334,-68.89221,6,0.043,1
"2025-09-03 12:00:00",481,13.61,25.68,38,73.01,81,210,36594,11.02,0.75,23881,346992,-1,0,481,29192,711.8,3716,-75,13,44.04326,-68.89217,4,0.043,1
"2025-09-03 13:00:00",482,13.59,25.89,38,81,86,204,36594,11.02,0.75,23881,347712,-1,0,482,29192,763.9,3768,0,13,44.04327,-68.89214,4,0.043,1
"2025-09-03 14:00:00",483,13.59,25.46,38,86,86,204,36594,11.02,0.75,23881,348432,-1,0,483,29192,797.8,3802,-89,4,44.04336,-68.89218,4,0.039,1
"2025-09-03 15:00:00",484,13.59,24.68,38,86,100,203,36594,11.02,0.75,23881,349152,-1,0,484,29192,869,3873,-87,4,44.04338,-68.89224,4,0.039,1
"2025-09-03 16:00:00",485,13.59,24.45,39,100,100,203,36594,11.02,0.75,23881,349872,-1,0,485,29192,969,3973,-91,4,44.04338,-68.8923,5,0.039,1
"2025-09-03 17:00:00",486,13.59,25.18,39,92,102,204,36594,11.02,0.75,23881,350592,-1,0,486,29192,1028,4032,-79,13,44.04338,-68.89223,6,0.039,1
"2025-09-03 18:00:00",487,13.6,24.83,39,102,102,203,36594,11.02,0.75,23881,351312,-1,0,487,29192,1086,4090,-75,13,44.04337,-68.89225,5,0.039,1
"2025-09-03 19:00:00",488,13.48,21.85,39,90.1,183,204,36594,11.02,0.75,23881,352032,-1,0,488,29192,1144,4149,-73,13,44.04338,-68.89225,4,0.039,1
"2025-09-03 20:00:00",489,13.29,19.95,39,183,183,203,36594,11.02,0.75,23881,352752,-1,0,489,29192,1204,4208,-75,13,44.04325,-68.89217,4,0.018,1
"2025-09-03 21:00:00",490,13.22,19.37,40,178,194,204,36594,11.02,0.75,23881,353472,-1,0,490,29192,1270,4274,-75,13,44.04327,-68.89216,6,0.018,1
"2025-09-03 22:00:00",491,13.23,18.86,40,193.9,194,211,36594,11.02,0.75,23881,354192,-1,0,491,29192,1332,4337,-81,13,44.04329,-68.89223,4,0.001,1
"2025-09-03 23:00:00",492,13.23,18.17,41,136,151,204,36594,11.02,0.75,23881,354912,-1,0,492,29192,1401,4405,-87,4,44.0433,-68.89219,4,0.001,1
"2025-09-04 00:00:00",493,13.23,18.45,41,151,156,204,36594,11.02,0.75,23881,355632,-1,0,493,29192,0,4471,-75,13,44.04329,-68.89218,4,0.001,1
"2025-09-04 01:00:00",494,13.21,18.39,41,156,156,203,36594,11.02,0.75,23881,356352,-1,0,494,29192,59,4530,-51,13,44.04331,-68.89212,4,0.002,1
"2025-09-04 02:00:00",495,13.23,18.08,41,145,149,203,36594,11.02,0.75,23881,357072,-1,0,495,29192,93.6,4564,-85,4,44.04333,-68.89223,4,0.002,1
"2025-09-04 03:00:00",496,13.22,17.57,41,149,161,203,36594,11.02,0.75,23881,357792,-1,0,496,29192,145.5,4616,-89,4,44.04333,-68.89224,4,0.002,1
"2025-09-04 04:00:00",497,13.22,18.04,41,161,164,203,36594,11.02,0.75,23881,358512,-1,0,497,29192,205.5,4676,-91,4,44.04333,-68.89225,4,0.002,1
"2025-09-04 05:00:00",498,13.21,17.99,41,164,164,212,36594,11.02,0.75,23881,359232,-1,0,498,29192,273,4744,-83,4,44.04339,-68.89231,4,0.003,1
"2025-09-04 06:00:00",499,13.22,18.59,41,163,163,203,36594,11.02,0.75,23881,359952,-1,0,499,29192,338,4809,-91,4,44.04338,-68.89227,6,0.003,1
"2025-09-04 07:00:00",500,13.34,20.59,40,148.9,149,203,36594,11.02,0.75,23881,360672,-1,0,500,29192,408.2,4879,-91,4,44.04333,-68.89225,5,0.003,1
"2025-09-04 08:00:00",501,13.44,23.64,40,89.9,90,204,36594,11.02,0.75,23881,361392,-1,0,501,29192,466.8,4937,-85,4,44.04334,-68.89222,4,0.003,1
"2025-09-04 09:00:00",502,13.44,23.83,40,-0.964,25,211,36594,11.02,0.75,23881,362112,-1,0,502,29192,523.9,4995,-71,13,44.04334,-68.89222,6,0.009,1
"2025-09-04 10:00:00",503,13.53,25.43,39,24.97,25,212,36594,11.02,0.75,23881,362832,-1,0,503,29192,589,5060,-73,13,44.04333,-68.89221,4,0.014,1
"2025-09-04 11:00:00",504,13.58,24.26,39,1.01,8,211,36594,11.02,0.75,23881,363552,-1,0,504,29192,665,5136,-77,13,44.04333,-68.89223,4,0.023,1
