"TOA5","Wynken","CR300","36592","CR300-CELL210.11.3.0","CPU:wynken.260512.dld","64778","Ai1"
"TIMESTAMP","RECORD","BatteryVoltage","InternalTemperature","InternalHumidity","CurrentAverage","CurrentMaximum","ProcessingTime","SerialNumber","DataloggerOSVersion","Ai1OSVersion","ProgramSignature","ProgramCounter","StartUpCode","WatchdogErrors","SkippedScans","MemoryFree","CellUsageToday","CellUsageThisMonth","CellRSSI","CellNetBand","Latitude","Longitude","GPSSatellitesInView","Pressure_mH2O","ReadAttempts_Max"
"TS","RN","Volts","°C","%","mA (-=Charge, +=Discharge)","mA (-=Charge, +=Discharge)","µS","","","","(0-65535)","Cycles","(0=Ok, -1=Power, -2=Watchdog)","Errors Since Compile","Scans Skipped","Bytes","kB","kB","dBm","","Decimal Degrees (N=+,S=-)","Decimal Degrees (E=+,W=-)","GPS Satellites visible","mH2O",""
"","","Smp","Smp","Smp","Avg:mA","Max:mA","Smp","Smp","Smp","Smp","Smp:0-65535)","Smp","Smp:0=Ok","Smp:Watchdog Errors Since Compile","Smp:Scans Skipped","Smp:Bytes","Smp:kB","Smp:kB","Smp:dBm","Smp:band","Smp","Smp","Smp","Smp","Max"
"2026-05-12 14:00:00",0,13.58,21.08,38,0.133,96,204,36592,1.3,0.75,64778,719,0,0,0,27560,25.8,25,-79,13,0,0,0,0.006,0
"2026-05-12 15:00:00",1,13.69,20.03,34,95.8,96,204,36592,1.3,0.75,64778,1439,0,0,1,27560,129.1,129,-77,4,44.03441,-68.88677,4,0.006,1
"2026-05-12 16:00:00",2,13.76,17.4,35,-30.06,-30,205,36592,1.3,0.75,64778,2159,0,0,2,27560,222.9,222,-83,4,44.03441,-68.88677,4,0.006,1
"2026-05-12 17:00:00",3,13.77,15.73,36,-69.99,-65,211,36592,1.3,0.75,64778,2879,0,0,3,27560,302.6,302,-85,4,44.04354,-68.89223,4,0.006,1
"2026-05-12 18:00:00",4,13.79,14.57,37,-64.97,-41,204,36592,1.3,0.75,64778,3599,0,0,4,27560,388.8,388,-83,4,44.04356,-68.89231,4,-0.102,1
"2026-05-12 19:00:00",5,13.79,14.27,37,-40.94,1,204,36592,1.3,0.75,64778,4319,0,0,5,27560,475.5,475,-77,4,44.04367,-68.89221,4,-0.102,1
"2026-05-12 20:00:00",6,13.44,12.43,38,1.103,75,212,36592,1.3,0.75,64778,5039,0,0,6,27560,556.9,556,-75,4,44.04354,-68.89224,4,-0.102,1
"2026-05-12 21:00:00",7,13.29,11.68,38,74.93,75,211,36592,1.3,0.75,64778,5759,0,0,7,27560,642.5,642,-75,4,44.04356,-68.89225,5,-0.102,1
"2026-05-12 22:00:00",8,13.21,11.51,38,25.02,36,212,36592,1.3,0.75,64778,6479,0,0,8,27560,742.8,742,-77,4,44.04354,-68.89223,6,-0.074,1
"2026-05-12 23:00:00",9,13.17,10.52,38,36.02,53,204,36592,1.3,0.75,64778,7199,0,0,9,27560,838,837,-77,4,"NAN","NAN",4,-0.022,1
"2026-05-13 00:00:00",10,13.15,9.94,38,53.02,67,204,36592,1.3,0.75,64778,7919,0,0,10,27560,0,962,-77,4,44.04356,-68.89222,6,0.011,1
"2026-05-13 01:00:00",11,13.15,10.17,39,67.01,71,204,36592,1.3,0.75,64778,8639,0,0,11,27560,94.7,1057,-81,4,44.04354,-68.89222,4,0.011,1
"2026-05-13 02:00:00",12,13.17,9.69,39,70.9,71,204,36592,1.3,0.75,64778,9359,0,0,12,27560,195.7,1158,-77,4,44.04352,-68.89222,4,0.012,1
"2026-05-13 03:00:00",13,13.17,8.87,39,-3,-3,204,36592,1.3,0.75,64778,10079,0,0,13,27560,284.8,1247,-83,4,44.04354,-68.89226,4,0.013,1
"2026-05-13 04:00:00",14,13.15,8.13,39,-3.004,-3,204,36592,1.3,0.75,64778,10799,0,0,14,27560,378.9,1341,-75,13,"NAN","NAN",4,0.02,1
"2026-05-13 05:00:00",15,13.15,8.03,39,-6,-6,204,36592,1.3,0.75,64778,11519,0,0,15,27560,466.5,1428,-73,13,44.04356,-68.89218,4,0.02,1
"2026-05-13 06:00:00",16,13.2,8.99,38,-6.039,-6,204,36592,1.3,0.75,64778,12239,0,0,16,27560,554.9,1517,-77,13,"NAN","NAN",4,0.022,1
"2026-05-13 07:00:00",17,13.37,10.06,38,-34.06,-34,204,36592,1.3,0.75,64778,12959,0,0,17,27560,642.2,1604,-75,13,"NAN","NAN",4,0.022,1
"2026-05-13 08:00:00",18,13.64,16.14,38,-78.24,-78,212,36592,1.3,0.75,64778,13679,0,0,18,27560,719.8,1682,-75,4,44.04354,-68.89228,5,0.027,1
"2026-05-13 09:00:00",19,13.77,16.33,38,-250,-229,204,36592,1.3,0.75,64778,14399,0,0,19,27560,798.7,1761,-73,4,44.04356,-68.89224,5,0.033,1
"2026-05-13 10:00:00",20,13.79,16.26,38,-228.8,-64,204,36592,1.3,0.75,64778,15119,0,0,20,27560,877,1839,-75,4,"NAN","NAN",4,0.033,1
"2026-05-13 11:00:00",21,13.79,14.41,38,-63.97,-43,204,36592,1.3,0.75,64778,15839,0,0,21,27560,961,1923,-75,4,44.04357,-68.89218,4,0.033,1
"2026-05-13 12:00:00",22,13.82,12.9,38,-43.06,-43,204,36592,1.3,0.75,64778,16559,0,0,22,27560,1036,1997,-79,4,44.04351,-68.8922,5,0.033,1
"2026-05-13 13:00:00",23,13.86,12.77,38,-89,-80,212,36592,1.3,0.75,64778,17279,0,0,23,27560,1119,2081,-83,4,44.04368,-68.89221,4,0.033,1
"2026-05-13 14:00:00",24,13.88,13.24,37,-80,-80,204,36592,1.3,0.75,64778,17999,0,0,24,27560,1197,2159,-73,13,44.04359,-68.89224,4,0.032,1
"2026-05-13 15:00:00",25,13.88,13.01,37,-85,-80,204,36592,1.3,0.75,64778,18719,0,0,25,27560,1280,2242,-75,13,44.04364,-68.8923,4,0.032,1
"2026-05-13 16:00:00",26,13.89,11.68,38,-79.96,-54,204,36592,1.3,0.75,64778,19439,0,0,26,27560,1361,2323,-77,13,44.04354,-68.89234,4,0.032,1
"2026-05-13 17:00:00",27,13.83,11.17,38,-53.97,-34,204,36592,1.3,0.75,64778,20159,0,0,27,27560,1439,2401,-85,4,44.04356,-68.89228,4,0.032,1
"2026-05-13 18:00:00",28,13.86,11.33,38,-34.03,-34,204,36592,1.3,0.75,64778,20879,0,0,28,27560,1516,2478,-79,4,44.04356,-68.89228,4,0.008,1
"2026-05-13 19:00:00",29,13.54,10.82,38,-53.94,-12,204,36592,1.3,0.75,64778,21599,0,0,29,27560,1588,2550,-77,13,44.04359,-68.8923,4,0.003,1
"2026-05-13 20:00:00",30,13.33,10.47,38,-12,-10,211,36592,1.3,0.75,64778,22319,0,0,30,27560,1671,2633,-81,4,44.04359,-68.89225,4,0.003,1
"2026-05-13 21:00:00",31,13.2,10.66,38,-9.97,10,204,36592,1.3,0.75,64778,23039,0,0,31,27560,1753,2715,-77,4,44.04359,-68.89225,4,-0.002,1
"2026-05-13 22:00:00",32,13.16,10.71,39,10.02,24,204,36592,1.3,0.75,64778,23759,0,0,32,27560,1838,2800,-79,4,44.0437,-68.89209,4,-0.002,1
"2026-05-13 23:00:00",33,13.18,10.88,39,23.98,24,204,36592,1.3,0.75,64778,24479,0,0,33,27560,1920,2882,-79,4,44.04357,-68.8922,4,-0.007,1
"2026-05-14 00:00:00",34,13.19,10.92,39,11.99,12,211,36592,1.3,0.75,64778,25199,0,0,34,27560,0.061,2962,-81,4,44.04359,-68.89227,4,-0.007,1
"2026-05-14 01:00:00",35,13.14,11.17,39,6.04,35,204,36592,1.3,0.75,64778,25919,0,0,35,27560,81.9,3044,-85,4,44.04356,-68.89221,4,-0.007,1
"2026-05-14 02:00:00",36,13.19,11.35,39,34.94,35,204,36592,1.3,0.75,64778,26639,0,0,36,27560,172.8,3135,-79,13,44.04356,-68.89224,6,-0.007,1
"2026-05-14 03:00:00",37,13.18,11.36,39,-4.992,1,204,36592,1.3,0.75,64778,27359,0,0,37,27560,264.6,3226,-79,13,44.04359,-68.89229,4,-0.012,1
"2026-05-14 04:00:00",38,13.15,11.36,39,1.008,7,204,36592,1.3,0.75,64778,28079,0,0,38,27560,390.8,3353,-83,4,44.04359,-68.89229,4,-0.012,1
"2026-05-14 05:00:00",39,13.15,11.08,39,7.029,28,204,36592,1.3,0.75,64778,28799,0,0,39,27560,493.4,3455,-79,4,44.04358,-68.89229,4,-0.015,1
"2026-05-14 06:00:00",40,13.33,12.39,38,27.83,28,204,36592,1.3,0.75,64778,29519,0,0,40,27560,596.2,3558,-79,13,44.04356,-68.89232,4,-0.015,1
"2026-05-14 07:00:00",41,13.35,12.49,39,-96,-69,205,36592,1.3,0.75,64778,30239,0,0,41,27560,685.5,3647,-81,4,44.04363,-68.8923,4,-0.015,1
"2026-05-14 08:00:00",42,13.62,14.17,38,-69.26,-69,204,36592,1.3,0.75,64778,30959,0,0,42,27560,775.7,3738,-81,4,44.04359,-68.8923,4,-0.015,1
"2026-05-14 09:00:00",43,13.64,15.69,38,-258,-224,204,36592,1.3,0.75,64778,31679,0,0,43,27560,870,3832,-83,4,44.04349,-68.89224,4,-0.015,1
"2026-05-14 10:00:00",44,13.83,14.86,38,-223.8,-85,204,36592,1.3,0.75,64778,32399,0,0,44,27560,954,3916,-79,4,44.04354,-68.89224,4,-0.015,1
"2026-05-14 11:00:00",45,13.82,15.83,38,-85,-77,204,36592,1.3,0.75,64778,33119,0,0,45,27560,1039,4001,-81,4,44.04354,-68.89224,4,-0.019,1
"2026-05-14 12:00:00",46,13.8,16.24,38,-76.99,-72,204,36592,1.3,0.75,64778,33839,0,0,46,27560,1130,4092,-75,4,44.04354,-68.89224,4,-0.019,1
"2026-05-14 13:00:00",47,13.8,16.51,38,-72.02,-72,204,36592,1.3,0.75,64778,34559,0,0,47,27560,1223,4185,-81,4,44.04356,-68.8923,4,-0.021,1
"2026-05-14 14:00:00",48,13.8,17.34,37,-87,-83,204,36592,1.3,0.75,64778,35279,0,0,48,27560,1310,4272,-83,4,44.04359,-68.89227,5,-0.021,1
"2026-05-14 15:00:00",49,13.77,15.85,37,-83,-83,211,36592,1.3,0.75,64778,35999,0,0,49,27560,1398,4360,-81,4,44.04362,-68.8923,4,-0.032,1
"2026-05-14 16:00:00",50,13.8,14.87,37,-88,-74,205,36592,1.3,0.75,64778,36719,0,0,50,27560,1488,4450,-75,4,44.0436,-68.89242,4,-0.032,1
"2026-05-14 17:00:00",51,13.8,13.07,38,-73.95,-40,204,36592,1.3,0.75,64778,37439,0,0,51,27560,1569,4531,-83,4,44.0436,-68.89242,4,-0.044,1
"2026-05-14 18:00:00",52,13.79,12.78,39,-39.99,-34,212,36592,1.3,0.75,64778,38159,0,0,52,27560,1645,4607,-79,4,44.04352,-68.89234,4,-0.044,1
"2026-05-14 19:00:00",53,13.45,12.57,39,-33.96,-2,204,36592,1.3,0.75,64778,38879,0,0,53,27560,1727,4689,-81,4,44.04356,-68.89233,4,-0.044,1
"2026-05-14 20:00:00",54,13.27,12.12,39,-2.008,-2,204,36592,1.3,0.75,64778,39599,0,0,54,27560,1807,4769,-83,4,44.04358,-68.89233,4,-0.044,2
"2026-05-14 21:00:00",55,13.22,12.03,39,-8.01,-8,204,36592,1.3,0.75,64778,40319,0,0,55,27560,1888,4849,-79,4,44.04359,-68.89231,4,-0.072,2
"2026-05-14 22:00:00",56,13.17,12,39,-15.8,129,204,36592,1.3,0.75,64778,41039,0,0,56,27560,1976,4938,-81,4,44.04354,-68.89233,4,-0.079,1
"2026-05-14 23:00:00",57,13.17,11.96,39,128.9,129,204,36592,1.3,0.75,64778,41759,0,0,57,27560,2056,5018,-81,4,44.04354,-68.8923,4,-0.079,1
"2026-05-15 00:00:00",58,13.19,11.61,40,26.97,27,204,36592,1.3,0.75,64778,42479,0,0,58,27560,0.064,5101,-81,4,44.04354,-68.8923,4,-0.094,1
"2026-05-15 01:00:00",59,13.2,11.69,40,5.992,6,204,36592,1.3,0.75,64778,43199,0,0,59,27560,91.3,5192,-79,4,44.04354,-68.89217,4,-0.094,1
"2026-05-15 02:00:00",60,13.19,11.62,40,-0.018,0,204,36592,1.3,0.75,64778,43919,0,0,60,27560,179.8,5280,-75,13,44.04354,-68.8923,4,-0.095,1
"2026-05-15 03:00:00",61,13.2,11.33,40,-12.99,-8,204,36592,1.3,0.75,64778,44639,0,0,61,27560,264.4,5365,-77,13,44.04354,-68.89236,4,-0.095,1
"2026-05-15 04:00:00",62,13.17,11.17,40,-7.972,12,204,36592,1.3,0.75,64778,45359,0,0,62,27560,343.7,5444,-79,13,44.04352,-68.89236,5,-0.104,1
"2026-05-15 05:00:00",63,13.19,11.37,40,11.98,12,205,36592,1.3,0.75,64778,46079,0,0,63,27560,422.5,5523,-87,4,44.04352,-68.89236,5,-0.104,1
"2026-05-15 06:00:00",64,13.16,11.86,40,-2.976,14,205,36592,1.3,0.75,64778,46799,0,0,64,27560,503,5604,-77,13,44.0436,-68.89223,4,-0.104,1
"2026-05-15 07:00:00",65,13.24,12.13,40,13.95,14,204,36592,1.3,0.75,64778,47519,0,0,65,27560,581.6,5682,-93,4,44.04353,-68.89233,4,-0.104,1
"2026-05-15 08:00:00",66,13.22,12.34,40,-24.97,-1,204,36592,1.3,0.75,64778,48239,0,0,66,27560,657.7,5758,-77,13,44.04351,-68.89236,4,-0.094,1
"2026-05-15 09:00:00",67,13.34,12.92,40,-1.117,-1,204,36592,1.3,0.75,64778,48959,0,0,67,27560,738.8,5840,-81,4,44.04354,-68.8923,4,-0.094,1
"2026-05-15 10:00:00",68,13.53,14.59,40,-85.1,-85,211,36592,1.3,0.75,64778,49679,0,0,68,27560,820,5921,-83,4,44.04354,-68.89225,4,-0.089,1
"2026-05-15 11:00:00",69,13.57,17.19,39,-163,-163,204,36592,1.3,0.75,64778,50399,0,0,69,27560,898,5999,-81,4,44.04353,-68.89216,4,-0.07,1
"2026-05-15 12:00:00",70,13.66,17.09,39,-184,-149,204,36592,1.3,0.75,64778,51119,0,0,70,27560,981,6081,-81,4,44.04353,-68.89225,4,-0.028,1
"2026-05-15 13:00:00",71,13.77,18.29,39,-148.9,-53,204,36592,1.3,0.75,64778,51839,0,0,71,27560,1063,6164,-73,4,44.04352,-68.89223,6,0.043,1
"2026-05-15 14:00:00",72,13.77,16.58,39,-53.04,-53,204,36592,1.3,0.75,64778,52559,0,0,72,27560,1136,6237,-77,4,44.04354,-68.89226,5,0.049,1
"2026-05-15 15:00:00",73,13.77,16.16,39,-82,-51,204,36592,1.3,0.75,64778,53279,0,0,73,27560,1215,6315,-77,4,44.04353,-68.89227,5,0.049,1
"2026-05-15 16:00:00",74,13.79,15.54,39,-50.96,-25,204,36592,1.3,0.75,64778,53999,0,0,74,27560,1288,6389,-79,13,44.04351,-68.89231,4,0.049,1
"2026-05-15 17:00:00",75,13.82,15.89,39,-25.07,-25,205,36592,1.3,0.75,64778,54719,0,0,75,27560,1369,6470,-77,4,44.04348,-68.8924,4,0.049,1
"2026-05-15 18:00:00",76,13.78,15.99,39,-74.96,-47,212,36592,1.3,0.75,64778,55439,0,0,76,27560,1444,6545,-79,4,44.04354,-68.8923,5,0.049,1
"2026-05-15 19:00:00",77,13.62,13.94,40,-46.97,-26,204,36592,1.3,0.75,64778,56159,0,0,77,27560,1526,6627,-85,4,44.04354,-68.89231,4,0.049,1
"2026-05-15 20:00:00",78,13.48,13.02,40,-25.9,47,211,36592,1.3,0.75,64778,56879,0,0,78,27560,1612,6713,-77,4,44.04357,-68.89231,4,0.01,1
"2026-05-15 21:00:00",79,13.27,12.34,40,47.01,53,204,36592,1.3,0.75,64778,57599,0,0,79,27560,1698,6799,-79,4,44.04357,-68.8923,5,0.01,1
"2026-05-15 22:00:00",80,13.23,12.13,40,52.93,53,204,36592,1.3,0.75,64778,58319,0,0,80,27560,1786,6887,-75,4,44.04353,-68.89229,4,-0.061,1
"2026-05-15 23:00:00",81,13.2,11.55,40,1.035,26,204,36592,1.3,0.75,64778,59039,0,0,81,27560,1877,6977,-79,4,44.04358,-68.89226,4,-0.061,1
"2026-05-16 00:00:00",82,13.19,11.64,40,26,26,204,36592,1.3,0.75,64778,59759,0,0,82,27560,0.01,7136,-79,4,44.04354,-68.89229,4,-0.061,1
"2026-05-16 01:00:00",83,13.2,11.08,40,24,24,204,36592,1.3,0.75,64778,60479,0,0,83,27560,86.9,7223,-79,4,44.04356,-68.89223,5,-0.061,1
"2026-05-16 02:00:00",84,13.18,10.53,40,24.01,31,204,36592,1.3,0.75,64778,61199,0,0,84,27560,171.4,7307,-87,4,44.04354,-68.89223,4,-0.123,1
"2026-05-16 03:00:00",85,13.19,10.64,40,30.96,31,211,36592,1.3,0.75,64778,61919,0,0,85,27560,249.3,7385,-87,4,44.04375,-68.89209,4,-0.123,1
"2026-05-16 04:00:00",86,13.1,10.68,41,-0.932,48,204,36592,1.3,0.75,64778,62639,0,0,86,27560,326.6,7463,-85,4,44.04348,-68.89211,4,-0.142,1
"2026-05-16 05:00:00",87,13.19,10.89,40,47.93,48,204,36592,1.3,0.75,64778,63359,0,0,87,27560,411.3,7547,-77,13,44.04351,-68.89228,4,-0.142,1
"2026-05-16 06:00:00",88,13.23,12.34,40,-2.04,-2,204,36592,1.3,0.75,64778,64079,0,0,88,27560,483.2,7619,-85,4,44.04352,-68.89227,4,-0.142,1
"2026-05-16 07:00:00",89,13.41,13.49,40,-31.12,-31,205,36592,1.3,0.75,64778,64799,0,0,89,27560,563.8,7700,-77,4,44.04356,-68.89229,6,-0.142,1
"2026-05-16 08:00:00",90,13.48,15.92,40,-117,-117,204,36592,1.3,0.75,64778,65519,0,0,90,27560,636.1,7772,-79,4,44.04358,-68.89227,4,-0.107,1
"2026-05-16 09:00:00",91,13.52,15.38,39,-145,-111,204,36592,1.3,0.75,64778,66239,0,0,91,27560,713.1,7849,-81,4,44.04359,-68.89233,4,-0.074,1
"2026-05-16 10:00:00",92,13.8,16.72,39,-110.9,-61,204,36592,1.3,0.75,64778,66959,0,0,92,27560,789.4,7925,-81,4,"NAN","NAN",4,0.006,1
"2026-05-16 11:00:00",93,13.8,16.66,39,-60.99,-55,204,36592,1.3,0.75,64778,67679,0,0,93,27560,874,8010,-81,4,"NAN","NAN",4,0.006,1
"2026-05-16 12:00:00",94,13.8,15.91,40,-54.99,-50,205,36592,1.3,0.75,64778,68399,0,0,94,27560,959,8095,-77,4,44.04362,-68.89208,4,0.015,1
"2026-05-16 13:00:00",95,13.8,14.91,40,-49.99,-43,211,36592,1.3,0.75,64778,69119,0,0,95,27560,1040,8176,-81,4,"NAN","NAN",4,0.015,1
"2026-05-16 14:00:00",96,13.8,15.21,40,-43.01,-43,204,36592,1.3,0.75,64778,69839,0,0,96,27560,1115,8251,-77,4,"NAN","NAN",4,0.015,1
"2026-05-16 15:00:00",97,13.8,15.74,40,-47.02,-47,204,36592,1.3,0.75,64778,70559,0,0,97,27560,1186,8322,-87,4,44.04354,-68.89218,4,0.015,1
"2026-05-16 16:00:00",98,13.8,16.54,40,-58.97,-39,211,36592,1.3,0.75,64778,71279,0,0,98,27560,1270,8406,-85,4,44.04353,-68.89217,4,0.015,1
"2026-05-16 17:00:00",99,13.8,16.16,40,-39.03,-39,211,36592,1.3,0.75,64778,71999,0,0,99,27560,1340,8476,-77,4,"NAN","NAN",4,0.025,1
"2026-05-16 18:00:00",100,13.8,15.95,40,-59.98,-47,204,36592,1.3,0.75,64778,72719,0,0,100,27560,1418,8554,-77,4,"NAN","NAN",4,0.034,1
"2026-05-16 19:00:00",101,13.8,15.86,39,-47,-44,204,36592,1.3,0.75,64778,73439,0,0,101,27560,1509,8645,-79,4,44.04358,-68.89227,6,0.034,1
"2026-05-16 20:00:00",102,13.46,13.14,40,-43.83,82,210,36592,1.3,0.75,64778,74159,0,0,102,27560,1599,8735,-79,4,44.04357,-68.89227,4,0.034,1
"2026-05-16 21:00:00",103,13.3,12.14,40,81.9,82,205,36592,1.3,0.75,64778,74879,0,0,103,27560,1687,8823,-83,4,"NAN","NAN",4,0.034,1
"2026-05-16 22:00:00",104,13.21,12.17,41,3.044,35,204,36592,1.3,0.75,64778,75599,0,0,104,27560,1783,8918,-79,4,44.04357,-68.89222,4,-0.067,1
"2026-05-16 23:00:00",105,13.17,11.85,40,35.07,82,211,36592,1.3,0.75,64778,76319,0,0,105,27560,1880,9015,-75,4,44.04354,-68.89223,4,-0.067,1
"2026-05-17 00:00:00",106,13.18,11.61,41,82,82,211,36592,1.3,0.75,64778,77039,0,0,106,27560,0.01,9154,-85,4,44.04354,-68.89223,6,-0.067,1
"2026-05-17 01:00:00",107,13.2,11.81,41,53.95,54,204,36592,1.3,0.75,64778,77759,0,0,107,27560,93.6,9247,-77,4,44.04349,-68.89224,4,-0.067,1
"2026-05-17 02:00:00",108,13.19,11.92,41,16.02,28,204,36592,1.3,0.75,64778,78479,0,0,108,27560,180,9333,-81,4,44.04356,-68.89223,5,-0.093,1
"2026-05-17 03:00:00",109,13.17,12.26,41,28,28,204,36592,1.3,0.75,64778,79199,0,0,109,27560,263,9417,-81,13,"NAN","NAN",4,-0.096,1
"2026-05-17 04:00:00",110,13.19,11.64,40,26,26,211,36592,1.3,0.75,64778,79919,0,0,110,27560,348.6,9502,-83,4,44.04356,-68.89223,4,-0.096,1
"2026-05-17 05:00:00",111,13.14,12.13,40,26.16,138,204,36592,1.3,0.75,64778,80639,0,0,111,27560,430.8,9584,-83,13,44.04356,-68.89223,4,-0.096,1
"2026-05-17 06:00:00",112,13.28,13.2,40,137.8,138,204,36592,1.3,0.75,64778,81359,0,0,112,27560,511.8,9665,-83,4,44.04356,-68.89223,4,-0.096,1
"2026-05-17 07:00:00",113,13.49,17.24,40,-3.19,-3,204,36592,1.3,0.75,64778,82079,0,0,113,27560,588.5,9742,-81,4,44.04356,-68.89223,4,-0.096,1
"2026-05-17 08:00:00",114,13.48,18.47,39,-140,-121,204,36592,1.3,0.75,64778,82799,0,0,114,27560,665,9818,-75,13,44.04357,-68.89223,5,-0.069,1
"2026-05-17 09:00:00",115,13.74,18.37,40,-121.1,-121,204,36592,1.3,0.75,64778,83519,0,0,115,27560,742,9895,-77,4,44.04354,-68.89228,5,0.043,1
"2026-05-17 10:00:00",116,13.7,18.27,39,-204.8,-56,205,36592,1.3,0.75,64778,84239,0,0,116,27560,821,9974,-79,4,44.04357,-68.8922,4,0.089,1
"2026-05-17 11:00:00",117,13.74,18.13,39,-56,-54,204,36592,1.3,0.75,64778,84959,0,0,117,27560,905,10058,-77,4,44.04352,-68.89223,4,0.096,1
"2026-05-17 12:00:00",118,13.74,18.86,40,-53.98,-41,204,36592,1.3,0.75,64778,85679,0,0,118,27560,987,10141,-81,4,44.04349,-68.89223,4,0.097,1
"2026-05-17 13:00:00",119,13.73,17.33,40,-40.98,-27,204,36592,1.3,0.75,64778,86399,0,0,119,27560,1073,10227,-77,4,44.04364,-68.8921,4,0.097,1
"2026-05-17 14:00:00",120,13.73,17.81,40,-26.98,-14,211,36592,1.3,0.75,64778,87119,0,0,120,27560,1155,10308,-75,4,44.04364,-68.8921,4,0.097,1
"2026-05-17 15:00:00",121,13.74,18.03,40,-14.04,-14,211,36592,1.3,0.75,64778,87839,0,0,121,27560,1238,10392,-79,4,44.04351,-68.8922,5,0.1,1
"2026-05-17 16:00:00",122,13.74,18.86,40,-43,-43,211,36592,1.3,0.75,64778,88559,0,0,122,27560,1319,10472,-77,4,44.04359,-68.89218,5,0.106,1
"2026-05-17 17:00:00",123,13.74,18.28,40,-45,-42,204,36592,1.3,0.75,64778,89279,0,0,123,27560,1404,10558,-77,4,44.04351,-68.89225,4,0.106,1
"2026-05-17 18:00:00",124,13.7,19.14,38,-42,-39,205,36592,1.3,0.75,64778,89999,0,0,124,27560,1501,10654,-79,4,44.04357,-68.89226,6,0.11,1
"2026-05-17 19:00:00",125,13.71,20.01,37,-39.05,-39,204,36592,1.3,0.75,64778,90719,0,0,125,27560,1623,10776,-85,4,44.04353,-68.89227,4,0.115,1
"2026-05-17 20:00:00",126,13.56,15.61,40,-73.9,-5,205,36592,1.3,0.75,64778,91439,0,0,126,27560,1730,10883,-93,4,44.04345,-68.89225,4,0.116,1
"2026-05-17 21:00:00",127,13.35,16.06,41,-4.988,4,204,36592,1.3,0.75,64778,92159,0,0,127,27560,1833,10986,-79,4,44.04356,-68.89231,4,0.132,1
"2026-05-17 22:00:00",128,13.23,15.08,40,4.04,33,204,36592,1.3,0.75,64778,92879,0,0,128,27560,1938,11091,-73,13,44.0435,-68.89238,4,0.132,1
"2026-05-17 23:00:00",129,13.19,14.65,41,33.03,51,210,36592,1.3,0.75,64778,93599,0,0,129,27560,2030,11184,-73,4,44.04358,-68.8923,4,0.132,1
"2026-05-18 00:00:00",130,13.22,14.56,41,50.96,51,204,36592,1.3,0.75,64778,94319,0,0,130,27560,0.04,11276,-79,4,44.04352,-68.8923,4,0.132,1
"2026-05-18 01:00:00",131,13.21,12.76,41,23.02,36,204,36592,1.3,0.75,64778,95039,0,0,131,27560,81.9,11358,-83,4,44.04354,-68.89233,5,-0.002,1
"2026-05-18 02:00:00",132,13.21,12.66,41,35.99,36,204,36592,1.3,0.75,64778,95759,0,0,132,27560,173.5,11449,-81,4,44.04353,-68.89223,5,-0.002,1
"2026-05-18 03:00:00",133,13.19,13.48,41,30.02,44,204,36592,1.3,0.75,64778,96479,0,0,133,27560,269.2,11545,-79,4,44.04352,-68.89225,5,-0.04,1
"2026-05-18 04:00:00",134,13.21,13.04,41,43.93,44,204,36592,1.3,0.75,64778,97199,0,0,134,27560,364.2,11640,-79,4,44.04339,-68.89221,5,-0.04,1
"2026-05-18 05:00:00",135,13.19,12.02,41,-2.985,8,211,36592,1.3,0.75,64778,97919,0,0,135,27560,461.5,11737,-77,4,44.04358,-68.89223,6,-0.068,1
"2026-05-18 06:00:00",136,13.38,13.11,41,7.894,8,211,36592,1.3,0.75,64778,98639,0,0,136,27560,556.8,11833,-71,4,44.04354,-68.8923,5,-0.068,5
"2026-05-18 07:00:00",137,13.59,17.07,41,-68.09,-68,205,36592,1.3,0.75,64778,99359,0,0,137,27560,645.4,11921,-77,4,44.04351,-68.89235,5,-0.04,5
"2026-05-18 08:00:00",138,13.74,18.34,43,-134.9,-88,204,36592,1.3,0.75,64778,100079,0,0,138,27560,744.4,12020,-85,4,44.04353,-68.89235,5,-0.04,1
"2026-05-18 09:00:00",139,13.74,19.44,41,-88,-66,204,36592,1.3,0.75,64778,100799,0,0,139,27560,848,12124,-75,13,44.04354,-68.8923,4,0.07,1
"2026-05-18 10:00:00",140,13.74,19.14,41,-66.01,-66,204,36592,1.3,0.75,64778,101519,0,0,140,27560,952,12228,-77,4,44.04353,-68.89233,4,0.135,1
"2026-05-18 11:00:00",141,13.74,17.77,40,-69.98,-57,204,36592,1.3,0.75,64778,102239,0,0,141,27560,1051,12327,-73,4,44.04354,-68.89225,4,0.139,1
"2026-05-18 12:00:00",142,13.76,16.84,40,-56.99,-50,211,36592,1.3,0.75,64778,102959,0,0,142,27560,1145,12421,-79,4,44.04356,-68.89227,4,0.139,1
"2026-05-18 13:00:00",143,13.77,16.96,40,-50.04,-50,204,36592,1.3,0.75,64778,103679,0,0,143,27560,1240,12516,-83,4,44.04354,-68.89229,5,0.139,1
"2026-05-18 14:00:00",144,13.77,17.73,40,-75.98,-62,204,36592,1.3,0.75,64778,104399,0,0,144,27560,1338,12614,-73,4,44.04351,-68.89225,5,0.092,1
"2026-05-18 15:00:00",145,13.77,17.25,40,-61.96,-36,204,36592,1.3,0.75,64778,105119,0,0,145,27560,1433,12708,-77,4,44.04356,-68.89224,10,0.092,1
"2026-05-18 16:00:00",146,13.77,17.3,40,-35.99,-32,211,36592,1.3,0.75,64778,105839,0,0,146,27560,1518,12793,-81,4,44.04354,-68.8922,4,0.081,1
"2026-05-18 17:00:00",147,13.72,21.11,40,-32.05,-32,211,36592,1.3,0.75,64778,106559,0,0,147,27560,1603,12879,-79,4,44.04356,-68.89223,6,0.092,1
"2026-05-18 18:00:00",148,13.71,19.78,38,-69,-69,204,36592,1.3,0.75,64778,107279,0,0,148,27560,1682,12958,-85,4,44.04354,-68.89222,4,0.092,1
"2026-05-18 19:00:00",149,13.73,17.41,39,-71,-68,204,36592,1.3,0.75,64778,107999,0,0,149,27560,1766,13042,-93,4,44.04357,-68.89223,5,0.124,1
"2026-05-18 20:00:00",150,13.53,14.11,39,-67.84,47,204,36592,1.3,0.75,64778,108719,0,0,150,27560,1850,13126,-79,4,44.04356,-68.8923,5,0.124,1
"2026-05-18 21:00:00",151,13.29,12.34,41,46.98,47,204,36592,1.3,0.75,64778,109439,0,0,151,27560,1940,13216,-81,4,44.04351,-68.89224,5,0.124,1
"2026-05-18 22:00:00",152,13.22,12.14,41,35.96,36,204,36592,1.3,0.75,64778,110159,0,0,152,27560,2031,13307,-85,4,44.04356,-68.89231,5,0.124,1
"2026-05-18 23:00:00",153,13.21,12.5,41,3.989,4,211,36592,1.3,0.75,64778,110879,0,0,153,27560,2121,13397,-83,4,44.0436,-68.89233,6,0.124,1
"2026-05-19 00:00:00",154,13.19,12.24,41,-4,-4,204,36592,1.3,0.75,64778,111599,0,0,154,27560,0.072,13485,-85,4,44.04351,-68.89236,4,-0.079,1
"2026-05-19 01:00:00",155,13.2,11.34,41,-3.993,1,204,36592,1.3,0.75,64778,112319,0,0,155,27560,89,13574,-85,4,44.04354,-68.89228,4,-0.089,1
"2026-05-19 02:00:00",156,13.19,11.78,41,1.038,28,204,36592,1.3,0.75,64778,113039,0,0,156,27560,178.3,13663,-83,4,44.04356,-68.89228,5,-0.089,1
"2026-05-19 03:00:00",157,13.18,11.37,41,28,30,204,36592,1.3,0.75,64778,113759,0,0,157,27560,256.9,13742,-77,13,44.04353,-68.89226,4,-0.089,1
"2026-05-19 04:00:00",158,13.19,11.58,41,30.01,35,210,36592,1.3,0.75,64778,114479,0,0,158,27560,333.1,13818,-87,4,44.04354,-68.89223,4,-0.107,1
"2026-05-19 05:00:00",159,13.19,11.69,41,34.97,35,204,36592,1.3,0.75,64778,115199,0,0,159,27560,423.5,13908,-81,4,44.04361,-68.89228,5,-0.107,1
"2026-05-19 06:00:00",160,13.32,13.11,41,12.9,13,204,36592,1.3,0.75,64778,115919,0,0,160,27560,509.3,13994,-79,4,44.04356,-68.89223,4,-0.107,1
"2026-05-19 07:00:00",161,13.58,15.74,41,-62.24,-62,211,36592,1.3,0.75,64778,116639,0,0,161,27560,595,14080,-81,13,44.04353,-68.89227,6,-0.107,1
"2026-05-19 08:00:00",162,13.8,19.11,42,-233.9,-195,204,36592,1.3,0.75,64778,117359,0,0,162,27560,703.5,14188,-81,4,44.04356,-68.89229,5,-0.085,1
"2026-05-19 09:00:00",163,13.71,20.18,41,-194.8,-75,204,36592,1.3,0.75,64778,118079,0,0,163,27560,783.3,14268,-75,13,44.04357,-68.89229,4,0.023,5
"2026-05-19 10:00:00",164,13.69,19.7,41,-74.9,0,204,36592,1.3,0.75,64778,118799,0,0,164,27560,869,14354,-81,4,44.04356,-68.89227,5,0.152,5
"2026-05-19 11:00:00",165,13.7,19.15,40,-0.082,0,204,36592,1.3,0.75,64778,119519,0,0,165,27560,1030,14515,-77,4,44.0436,-68.89231,4,0.152,1
"2026-05-19 12:00:00",166,13.7,18.2,40,-58.98,-43,204,36592,1.3,0.75,64778,120239,0,0,166,27560,1112,14597,-77,4,44.0436,-68.8923,4,0.152,1
"2026-05-19 13:00:00",167,13.74,17.28,41,-43,-43,212,36592,1.3,0.75,64778,120959,0,0,167,27560,1196,14681,-83,4,44.04356,-68.89223,4,0.143,1
"2026-05-19 14:00:00",168,13.74,18.43,41,-44.03,-44,204,36592,1.3,0.75,64778,121679,0,0,168,27560,1279,14764,-77,4,44.04352,-68.89223,4,0.143,1
"2026-05-19 15:00:00",169,13.73,19.27,41,-63.96,-34,205,36592,1.3,0.75,64778,122399,0,0,169,27560,1362,14847,-77,4,44.04352,-68.89227,4,0.143,1
"2026-05-19 16:00:00",170,13.69,20.68,42,-33.91,28,204,36592,1.3,0.75,64778,123119,0,0,170,27560,1451,14936,-79,4,"NAN","NAN",4,0.143,1
"2026-05-19 17:00:00",171,13.69,20.31,41,27.91,28,204,36592,1.3,0.75,64778,123839,0,0,171,27560,1536,15020,-83,4,44.04356,-68.89222,4,0.153,1
"2026-05-19 18:00:00",172,13.71,17.23,41,-39.96,-12,204,36592,1.3,0.75,64778,124559,0,0,172,27560,1626,15110,-81,4,"NAN","NAN",4,0.177,1
"2026-05-19 19:00:00",173,13.8,16.83,41,-12.07,-12,204,36592,1.3,0.75,64778,125279,0,0,173,27560,1707,15192,-77,4,44.04353,-68.89221,4,0.177,1
"2026-05-19 20:00:00",174,13.58,15.5,41,-60.87,31,204,36592,1.3,0.75,64778,125999,0,0,174,27560,1781,15265,-77,13,44.04361,-68.89224,4,0.177,1
"2026-05-19 21:00:00",175,13.35,14.56,41,30.95,31,205,36592,1.3,0.75,64778,126719,0,0,175,27560,1861,15346,-77,4,44.04359,-68.89226,4,0.065,1
"2026-05-19 22:00:00",176,13.25,14.31,42,-8.01,-8,204,36592,1.3,0.75,64778,127439,0,0,176,27560,1940,15425,-81,4,44.04359,-68.89226,4,0.065,1
"2026-05-19 23:00:00",177,13.21,14.51,42,-17,-15,204,36592,1.3,0.75,64778,128159,0,0,177,27560,2019,15504,-83,4,44.04356,-68.8923,4,0.009,1
"2026-05-20 00:00:00",178,13.18,13.67,42,-14.92,41,204,36592,1.3,0.75,64778,128879,0,0,178,27560,0.209,15584,-83,4,44.04358,-68.89229,4,0.009,1
"2026-05-20 01:00:00",179,13.21,13.12,42,41,41,211,36592,1.3,0.75,64778,129599,0,0,179,27560,79.16,15663,-83,4,44.0436,-68.89226,4,0.005,1
"2026-05-20 02:00:00",180,13.21,12.84,42,37.98,38,204,36592,1.3,0.75,64778,130319,0,0,180,27560,162.4,15746,-83,13,44.04357,-68.89225,4,0.005,1
"2026-05-20 03:00:00",181,13.18,12.8,42,25.05,59,204,36592,1.3,0.75,64778,131039,0,0,181,27560,260.6,15844,-81,4,44.04359,-68.89223,4,-0.051,1
"2026-05-20 04:00:00",182,13.19,12.69,42,59.01,63,204,36592,1.3,0.75,64778,131759,0,0,182,27560,364.2,15948,-83,4,44.0435,-68.89224,5,-0.051,1
"2026-05-20 05:00:00",183,13.2,12.39,42,62.95,63,204,36592,1.3,0.75,64778,132479,0,0,183,27560,463.4,16047,-79,4,44.04359,-68.89223,4,-0.062,1
"2026-05-20 06:00:00",184,13.2,13.49,42,26.03,45,211,36592,1.3,0.75,64778,133199,0,0,184,27560,576.5,16160,-79,4,44.04362,-68.89227,5,-0.062,1
"2026-05-20 07:00:00",185,13.29,14.9,41,44.87,45,212,36592,1.3,0.75,64778,133919,0,0,185,27560,687.6,16271,-89,4,44.04356,-68.8922,5,-0.062,1
"2026-05-20 08:00:00",186,13.52,17.49,40,-47.12,-47,211,36592,1.3,0.75,64778,134639,0,0,186,27560,795.2,16379,-75,4,44.04356,-68.8922,5,-0.048,1
"2026-05-20 09:00:00",187,13.56,19.67,40,-130.1,-130,204,36592,1.3,0.75,64778,135359,0,0,187,27560,892,16476,-77,13,44.04356,-68.8922,5,-0.024,1
"2026-05-20 10:00:00",188,13.68,19.82,41,-211.8,-43,205,36592,1.3,0.75,64778,136079,0,0,188,27560,987,16570,-77,4,44.04358,-68.89225,5,0.054,1
"2026-05-20 11:00:00",189,13.69,19.4,41,-43,-43,204,36592,1.3,0.75,64778,136799,0,0,189,27560,1076,16659,-79,4,44.04354,-68.89221,4,0.143,1
"2026-05-20 12:00:00",190,13.72,19.75,41,-43.98,-32,204,36592,1.3,0.75,64778,137519,0,0,190,27560,1164,16747,-77,4,44.04352,-68.89223,4,0.146,1
"2026-05-20 13:00:00",191,13.71,18.79,41,-32.02,-32,211,36592,1.3,0.75,64778,138239,0,0,191,27560,1247,16831,-81,4,44.04362,-68.89219,4,0.16,1
"2026-05-20 14:00:00",192,13.74,18.33,41,-44,-41,204,36592,1.3,0.75,64778,138959,0,0,192,27560,1323,16907,-79,4,44.04353,-68.89221,4,0.16,1
"2026-05-20 15:00:00",193,13.7,16.08,41,-40.94,2,204,36592,1.3,0.75,64778,139679,0,0,193,27560,1427,17011,-79,4,44.04359,-68.89224,4,0.143,1
"2026-05-20 16:00:00",194,13.77,18.33,42,1.947,2,204,36592,1.3,0.75,64778,140399,0,0,194,27560,1550,17133,-81,4,44.04356,-68.8922,4,0.133,1
"2026-05-20 17:00:00",195,13.74,18.67,43,-36.02,-36,205,36592,1.3,0.75,64778,141119,0,0,195,27560,1655,17239,-81,4,44.04354,-68.89221,4,0.133,1
"2026-05-20 18:00:00",196,13.74,18.07,42,-46.99,-38,204,36592,1.3,0.75,64778,141839,0,0,196,27560,1761,17345,-83,4,44.04358,-68.89217,4,0.13,1
"2026-05-20 19:00:00",197,13.74,17.94,42,-38,-37,204,36592,1.3,0.75,64778,142559,0,0,197,27560,1861,17444,-77,4,44.04359,-68.89216,4,0.13,1
"2026-05-20 20:00:00",198,13.46,17.52,42,-36.88,48,204,36592,1.3,0.75,64778,143279,0,0,198,27560,1961,17545,-77,13,44.04356,-68.8922,4,0.124,1
"2026-05-20 21:00:00",199,13.31,17.85,42,48,50,204,36592,1.3,0.75,64778,143999,0,0,199,27560,2054,17638,-77,4,44.04356,-68.89225,4,0.124,1
"2026-05-20 22:00:00",200,13.24,17.18,43,49.97,50,204,36592,1.3,0.75,64778,144719,0,0,200,27560,2143,17727,-77,4,44.04308,-68.89251,4,0.122,1
"2026-05-20 23:00:00",201,13.19,17.03,43,28.25,206,212,36592,1.3,0.75,64778,145439,0,0,201,27560,2278,17862,-79,4,44.04344,-68.89218,4,0.112,1
"2026-05-21 00:00:00",202,13.21,16.77,43,205.8,206,204,36592,1.3,0.75,64778,146159,0,0,202,27560,0,17949,-79,4,44.04352,-68.89229,4,0.112,1
"2026-05-21 01:00:00",203,13.23,17.48,43,71.92,72,204,36592,1.3,0.75,64778,146879,0,0,203,27560,89.6,18038,-85,4,44.04351,-68.89227,5,0.112,1
"2026-05-21 02:00:00",204,13.2,16.9,42,14.07,61,204,36592,1.3,0.75,64778,147599,0,0,204,27560,177,18126,-81,13,44.04351,-68.89227,4,0.112,1
"2026-05-21 03:00:00",205,13.22,15.42,42,60.97,61,204,36592,1.3,0.75,64778,148319,0,0,205,27560,272.4,18221,-87,4,44.04351,-68.89227,4,0.112,1
"2026-05-21 04:00:00",206,13.19,14.54,42,39.04,66,204,36592,1.3,0.75,64778,149039,0,0,206,27560,362.4,18311,-89,4,44.04351,-68.89227,4,0.078,1
"2026-05-21 05:00:00",207,13.19,13.69,42,65.98,66,212,36592,1.3,0.75,64778,149759,0,0,207,27560,450.2,18399,-83,13,44.0435,-68.89227,5,0.078,1
"2026-05-21 06:00:00",208,13.41,14.88,41,48.83,49,204,36592,1.3,0.75,64778,150479,0,0,208,27560,546.9,18496,-79,4,44.04352,-68.89225,4,-0.007,1
"2026-05-21 07:00:00",209,13.54,16.3,41,-75.1,-75,204,36592,1.3,0.75,64778,151199,0,0,209,27560,642.6,18591,-83,4,44.04352,-68.89225,4,-0.007,1
"2026-05-21 08:00:00",210,13.75,17.36,40,-145.9,-102,211,36592,1.3,0.75,64778,151919,0,0,210,27560,733.8,18683,-75,13,44.04347,-68.89227,4,-0.007,1
"2026-05-21 09:00:00",211,13.77,17.05,41,-101.9,-51,205,36592,1.3,0.75,64778,152639,0,0,211,27560,818,18767,-75,4,44.04348,-68.89226,4,0.026,1
"2026-05-21 10:00:00",212,13.77,17.84,40,-50.97,-26,204,36592,1.3,0.75,64778,153359,0,0,212,27560,911,18860,-77,4,44.04348,-68.89229,4,0.061,1
"2026-05-21 11:00:00",213,13.77,18.44,41,-26.03,-26,204,36592,1.3,0.75,64778,154079,0,0,213,27560,1003,18952,-79,4,44.04348,-68.89224,4,0.064,1
"2026-05-21 12:00:00",214,13.77,17.59,41,-49.03,-49,204,36592,1.3,0.75,64778,154799,0,0,214,27560,1150,19099,-75,4,44.04351,-68.8923,5,0.084,1
"2026-05-21 13:00:00",215,13.75,19.13,39,-68.96,-41,211,36592,1.3,0.75,64778,155519,0,0,215,27560,1246,19195,-75,4,44.0436,-68.89225,4,0.104,1
"2026-05-21 14:00:00",216,13.72,20.35,40,-40.97,-19,204,36592,1.3,0.75,64778,156239,0,0,216,27560,1342,19290,-77,4,44.04353,-68.8923,4,0.104,1
"2026-05-21 15:00:00",217,13.72,19.64,41,-19.04,-19,211,36592,1.3,0.75,64778,156959,0,0,217,27560,1432,19380,-77,4,44.04352,-68.89222,5,0.123,1
"2026-05-21 16:00:00",218,13.74,17.8,41,-45.07,-45,205,36592,1.3,0.75,64778,157679,0,0,218,27560,1527,19476,-75,4,44.04354,-68.89223,5,0.171,1
"2026-05-21 17:00:00",219,13.76,15.81,41,-91.9,-35,204,36592,1.3,0.75,64778,158399,0,0,219,27560,1613,19562,-77,4,44.04356,-68.89224,4,0.171,1
"2026-05-21 18:00:00",220,13.81,14.9,41,-35.04,-35,211,36592,1.3,0.75,64778,159119,0,0,220,27560,1702,19651,-77,4,44.04356,-68.89221,6,0.171,1
"2026-05-21 19:00:00",221,13.82,14.21,41,-66.96,-40,204,36592,1.3,0.75,64778,159839,0,0,221,27560,1796,19745,-81,4,44.04352,-68.89221,5,0.031,1
"2026-05-21 20:00:00",222,13.72,14.61,41,-39.95,-7,212,36592,1.3,0.75,64778,160559,0,0,222,27560,1882,19831,-81,4,44.04353,-68.89221,5,0.031,1
"2026-05-21 21:00:00",223,13.39,12.25,42,-6.981,7,204,36592,1.3,0.75,64778,161279,0,0,223,27560,1972,19921,-81,4,44.04357,-68.8922,4,-0.019,1
"2026-05-21 22:00:00",224,13.26,11.41,42,6.983,7,204,36592,1.3,0.75,64778,161999,0,0,224,27560,2065,20014,-75,13,44.04356,-68.8922,5,-0.03,1
"2026-05-21 23:00:00",225,13.19,10.94,43,-4.997,-3,211,36592,1.3,0.75,64778,162719,0,0,225,27560,2156,20105,-77,13,44.04353,-68.89228,5,-0.081,1
"2026-05-22 00:00:00",226,13.2,12.05,42,-3.015,-3,204,36592,1.3,0.75,64778,163439,0,0,226,27560,0,20217,-83,4,44.04354,-68.89239,5,-0.081,1
"2026-05-22 01:00:00",227,13.16,12.41,42,-13.97,10,204,36592,1.3,0.75,64778,164159,0,0,227,27560,244.9,20462,-79,13,44.04356,-68.8923,4,-0.081,1
"2026-05-22 02:00:00",228,13.18,11.36,42,10.03,33,211,36592,1.3,0.75,64778,164879,0,0,228,27560,491.9,20709,-79,13,44.04359,-68.89233,4,-0.081,1
"2026-05-22 03:00:00",229,13.17,10.59,42,33,33,204,36592,1.3,0.75,64778,165599,0,0,229,27560,733.8,20951,-77,13,44.04354,-68.89223,4,-0.086,1
"2026-05-22 04:00:00",230,13.16,9.71,43,30.99,31,211,36592,1.3,0.75,64778,166319,0,0,230,27560,937,21154,-77,13,44.04356,-68.89223,6,-0.086,1
"2026-05-22 05:00:00",231,13.16,9.54,43,21.06,63,204,36592,1.3,0.75,64778,167039,0,0,231,27560,1122,21339,-77,13,44.04354,-68.89226,8,-0.142,1
"2026-05-22 06:00:00",232,13.59,15.42,39,62.66,63,204,36592,1.3,0.75,64778,167759,0,0,232,27560,1286,21503,-85,4,44.04354,-68.89223,4,-0.142,1
"2026-05-22 07:00:00",233,13.67,17.92,39,-180.1,-180,204,36592,1.3,0.75,64778,168479,0,0,233,27560,1428,21645,-81,4,"NAN","NAN",4,-0.142,1
"2026-05-22 08:00:00",234,13.82,15.63,40,-242.7,6,204,36592,1.3,0.75,64778,169199,0,0,234,27560,1564,21781,-81,4,44.04345,-68.89223,4,-0.056,1
"2026-05-22 09:00:00",235,13.79,16.25,40,5.949,6,204,36592,1.3,0.75,64778,169919,0,0,235,27560,1692,21909,-79,4,44.04351,-68.89223,5,0.029,1
"2026-05-22 10:00:00",236,13.8,17.57,40,-31.01,-31,204,36592,1.3,0.75,64778,170639,0,0,236,27560,1848,22065,-79,4,44.04351,-68.89229,4,0.037,1
"2026-05-22 11:00:00",237,13.75,19.42,39,-35.01,-35,204,36592,1.3,0.75,64778,171359,0,0,237,27560,1936,22152,-77,4,44.04351,-68.89228,4,0.037,1
"2026-05-22 12:00:00",238,13.74,19.88,40,-39,-39,204,36592,1.3,0.75,64778,172079,0,0,238,27560,2018,22235,-75,4,44.0435,-68.89225,5,0.064,1
"2026-05-22 13:00:00",239,13.74,16.77,40,-39.05,-39,204,36592,1.3,0.75,64778,172799,0,0,239,27560,2099,22316,-75,4,44.04354,-68.89229,4,0.069,1
"2026-05-22 14:00:00",240,13.77,15.87,40,-76.02,-76,211,36592,1.3,0.75,64778,173519,0,0,240,27560,2182,22399,-83,4,44.04358,-68.8923,5,0.069,1
"2026-05-22 15:00:00",241,13.77,15.57,41,-88.9,-51,212,36592,1.3,0.75,64778,174239,0,0,241,27560,2258,22475,-83,4,44.04366,-68.89223,4,0.069,1
"2026-05-22 16:00:00",242,13.8,15,41,-51,-51,204,36592,1.3,0.75,64778,174959,0,0,242,27560,2333,22550,-75,4,44.04356,-68.89227,5,0.069,1
"2026-05-22 17:00:00",243,13.8,15.1,41,-51,-51,204,36592,1.3,0.75,64778,175679,0,0,243,27560,2407,22624,-81,4,44.04359,-68.89226,4,0.029,1
"2026-05-22 18:00:00",244,13.8,15.99,41,-54.02,-54,204,36592,1.3,0.75,64778,176399,0,0,244,27560,2491,22708,-71,4,44.04369,-68.89223,4,0.029,1
"2026-05-22 19:00:00",245,13.79,15.25,42,-69.95,-33,204,36592,1.3,0.75,64778,177119,0,0,245,27560,2584,22801,-79,4,44.04356,-68.89222,4,0.029,1
"2026-05-22 20:00:00",246,13.72,13.57,42,-32.92,27,204,36592,1.3,0.75,64778,177839,0,0,246,27560,2660,22877,-79,4,44.04354,-68.89219,4,0.029,1
"2026-05-22 21:00:00",247,13.37,12.52,42,27.08,88,204,36592,1.3,0.75,64778,178559,0,0,247,27560,2751,22968,-85,4,44.04357,-68.89219,4,0.006,1
"2026-05-22 22:00:00",248,13.24,12.24,43,87.9,88,204,36592,1.3,0.75,64778,179279,0,0,248,27560,2830,23047,-79,4,44.04351,-68.89226,4,0.006,1
"2026-05-22 23:00:00",249,13.19,12.26,43,44.95,45,205,36592,1.3,0.75,64778,179999,0,0,249,27560,2913,23130,-83,4,44.04351,-68.89226,4,-0.07,1
"2026-05-23 00:00:00",250,13.2,11.24,42,10.97,11,204,36592,1.3,0.75,64778,180719,0,0,250,27560,0,23212,-83,4,44.04359,-68.89224,4,-0.07,1
"2026-05-23 01:00:00",251,13.16,10.89,43,-13.93,33,204,36592,1.3,0.75,64778,181439,0,0,251,27560,84.1,23296,-75,13,44.04356,-68.89228,6,-0.089,1
"2026-05-23 02:00:00",252,13.16,10.66,43,32.98,33,211,36592,1.3,0.75,64778,182159,0,0,252,27560,163.7,23375,-73,13,44.04362,-68.89232,4,-0.089,1
"2026-05-23 03:00:00",253,13.15,10.16,43,18.99,19,208,36592,1.3,0.75,64778,182879,0,0,253,27560,238.5,23450,-73,13,44.04356,-68.89224,4,-0.127,1
"2026-05-23 04:00:00",254,13.18,10.13,43,15,17,212,36592,1.3,0.75,64778,183599,0,0,254,27560,312.6,23524,-81,13,44.04353,-68.89224,5,-0.127,1
"2026-05-23 05:00:00",255,13.17,10.3,43,17.04,43,204,36592,1.3,0.75,64778,184319,0,0,255,27560,392.1,23604,-77,4,44.04354,-68.89226,4,-0.16,1
"2026-05-23 06:00:00",256,13.39,13.48,41,42.87,43,204,36592,1.3,0.75,64778,185039,0,0,256,27560,469.3,23681,-85,4,44.04356,-68.89223,5,-0.16,1
"2026-05-23 07:00:00",257,13.43,17.98,39,-52.99,-43,204,36592,1.3,0.75,64778,185759,0,0,257,27560,547.8,23759,-77,4,44.04352,-68.89225,5,-0.16,1
"2026-05-23 08:00:00",258,13.57,17.72,40,-43.16,-43,210,36592,1.3,0.75,64778,186479,0,0,258,27560,627.2,23839,-81,4,44.04352,-68.89226,4,-0.078,1
"2026-05-23 09:00:00",259,13.74,19.5,41,-159.9,-66,204,36592,1.3,0.75,64778,187199,0,0,259,27560,706.1,23918,-79,4,44.0435,-68.89221,5,0.054,1
"2026-05-23 10:00:00",260,13.69,21.23,41,-65.99,-61,204,36592,1.3,0.75,64778,187919,0,0,260,27560,785.2,23997,-79,4,44.04345,-68.89221,4,0.089,1
"2026-05-23 11:00:00",261,13.71,19.53,41,-61.04,-61,204,36592,1.3,0.75,64778,188639,0,0,261,27560,859,24071,-77,4,44.04354,-68.89225,4,0.16,1
"2026-05-23 12:00:00",262,13.75,18.61,41,-87,-73,204,36592,1.3,0.75,64778,189359,0,0,262,27560,936,24148,-79,4,44.04349,-68.89227,4,0.212,1
"2026-05-23 13:00:00",263,13.77,17.48,41,-73.01,-73,204,36592,1.3,0.75,64778,190079,0,0,263,27560,1013,24224,-83,4,44.04356,-68.89232,4,0.212,1
"2026-05-23 14:00:00",264,13.78,17.71,40,-77.98,-67,212,36592,1.3,0.75,64778,190799,0,0,264,27560,1097,24309,-77,4,44.04356,-68.89232,4,0.212,1
"2026-05-23 15:00:00",265,13.77,17.02,40,-67.01,-67,211,36592,1.3,0.75,64778,191519,0,0,265,27560,1174,24385,-81,4,44.04359,-68.89233,4,0.077,1
"2026-05-23 16:00:00",266,13.76,16.68,40,-76.98,-65,204,36592,1.3,0.75,64778,192239,0,0,266,27560,1252,24463,-77,4,44.04356,-68.89232,4,0.077,1
"2026-05-23 17:00:00",267,13.8,16.49,41,-64.94,-23,204,36592,1.3,0.75,64778,192959,0,0,267,27560,1332,24543,-77,4,44.04354,-68.89227,4,0.052,1
"2026-05-23 18:00:00",268,13.81,15.49,41,-23.03,-23,212,36592,1.3,0.75,64778,193679,0,0,268,27560,1416,24627,-83,4,44.04351,-68.89224,4,0.052,1
"2026-05-23 19:00:00",269,13.73,14.04,42,-45.88,41,205,36592,1.3,0.75,64778,194399,0,0,269,27560,1516,24727,-79,4,44.04356,-68.89223,5,0.052,1
"2026-05-23 20:00:00",270,13.48,12.49,42,40.98,41,204,36592,1.3,0.75,64778,195119,0,0,270,27560,1598,24809,-81,4,44.04353,-68.89225,4,0.052,1
"2026-05-23 21:00:00",271,13.28,11.8,43,24.99,25,211,36592,1.3,0.75,64778,195839,0,0,271,27560,1685,24896,-75,4,44.04351,-68.89221,6,-0.034,1
"2026-05-23 22:00:00",272,13.19,11.64,43,20,20,211,36592,1.3,0.75,64778,196559,0,0,272,27560,1772,24983,-75,4,44.04354,-68.89221,6,-0.034,1
"2026-05-23 23:00:00",273,13.17,11.88,43,19.01,24,211,36592,1.3,0.75,64778,197279,0,0,273,27560,1861,25073,-79,4,44.04356,-68.89226,6,-0.095,1
"2026-05-24 00:00:00",274,13.19,11.03,43,23.96,24,204,36592,1.3,0.75,64778,197999,0,0,274,27560,0,25159,-77,4,44.04354,-68.89225,4,-0.095,1
"2026-05-24 01:00:00",275,13.15,11.12,42,-1.986,8,204,36592,1.3,0.75,64778,198719,0,0,275,27560,76.67,25235,-83,4,44.04353,-68.89228,4,-0.095,1
"2026-05-24 02:00:00",276,13.17,11.27,42,7.992,8,204,36592,1.3,0.75,64778,199439,0,0,276,27560,159.1,25318,-81,13,44.04356,-68.8923,4,-0.095,1
"2026-05-24 03:00:00",277,13.19,10.8,43,1.975,2,204,36592,1.3,0.75,64778,200159,0,0,277,27560,239.4,25398,-73,13,44.04357,-68.89229,5,-0.036,1
"2026-05-24 04:00:00",278,13.14,10.75,43,-15.91,48,210,36592,1.3,0.75,64778,200879,0,0,278,27560,315.9,25475,-77,4,44.04374,-68.89228,4,0.038,1
"2026-05-24 05:00:00",279,13.15,11.02,43,47.98,48,204,36592,1.3,0.75,64778,201599,0,0,279,27560,392.3,25551,-75,4,44.04354,-68.89224,4,0.055,1
"2026-05-24 06:00:00",280,13.19,11.46,43,29.94,30,211,36592,1.3,0.75,64778,202319,0,0,280,27560,464.6,25623,-81,13,44.04357,-68.89225,5,0.101,1
"2026-05-24 07:00:00",281,13.33,12.27,43,-13.11,-13,204,36592,1.3,0.75,64778,203039,0,0,281,27560,546.4,25705,-79,4,44.04356,-68.89226,4,0.127,1
"2026-05-24 08:00:00",282,13.43,13.66,43,-91,-91,204,36592,1.3,0.75,64778,203759,0,0,282,27560,623.9,25783,-77,4,44.04351,-68.89229,4,0.155,1
"2026-05-24 09:00:00",283,13.36,13.92,42,-107.9,-7,211,36592,1.3,0.75,64778,204479,0,0,283,27560,693.2,25852,-81,4,44.04352,-68.89222,5,0.182,1
"2026-05-24 10:00:00",284,13.4,14.12,42,-7.096,-7,204,36592,1.3,0.75,64778,205199,0,0,284,27560,761.9,25921,-77,13,44.04359,-68.8922,4,0.217,1
"2026-05-24 11:00:00",285,13.4,13.68,43,-75.96,-49,211,36592,1.3,0.75,64778,205919,0,0,285,27560,832,25990,-71,13,44.04354,-68.89224,4,0.219,1
"2026-05-24 12:00:00",286,13.5,13.93,42,-49.09,-49,204,36592,1.3,0.75,64778,206639,0,0,286,27560,898,26057,-77,4,44.0436,-68.89233,4,0.219,1
"2026-05-24 13:00:00",287,13.79,15.43,42,-111.9,-69,211,36592,1.3,0.75,64778,207359,0,0,287,27560,967,26126,-79,4,44.04358,-68.89228,4,0.22,1
"2026-05-24 14:00:00",288,13.79,15.13,42,-69.03,-69,204,36592,1.3,0.75,64778,208079,0,0,288,27560,1039,26198,-81,4,44.04354,-68.8923,4,0.22,1
"2026-05-24 15:00:00",289,13.81,14.22,42,-89.9,-44,211,36592,1.3,0.75,64778,208799,0,0,289,27560,1105,26263,-73,13,44.04359,-68.89231,5,0.212,1
"2026-05-24 16:00:00",290,13.83,13.45,42,-44.03,-44,204,36592,1.3,0.75,64778,209519,0,0,290,27560,1174,26333,-79,4,44.04358,-68.89236,4,0.206,1
"2026-05-24 17:00:00",291,13.83,13.53,42,-64.94,-23,204,36592,1.3,0.75,64778,210239,0,0,291,27560,1248,26406,-77,4,44.04358,-68.89228,4,0.206,1
"2026-05-24 18:00:00",292,13.85,12.5,42,-23.02,-23,204,36592,1.3,0.75,64778,210959,0,0,292,27560,1316,26475,-81,4,44.04357,-68.89233,4,0.166,1
"2026-05-24 19:00:00",293,13.57,11.97,43,-37.91,28,211,36592,1.3,0.75,64778,211679,0,0,293,27560,1391,26550,-85,4,44.04357,-68.89237,4,0.166,1
"2026-05-24 20:00:00",294,13.35,11.73,43,27.99,28,211,36592,1.3,0.75,64778,212399,0,0,294,27560,1460,26619,-79,13,44.04356,-68.89229,4,0.151,1
"2026-05-24 21:00:00",295,13.24,11.28,43,18.97,19,204,36592,1.3,0.75,64778,213119,0,0,295,27560,1535,26694,-81,4,44.04342,-68.89222,4,0.151,1
"2026-05-24 22:00:00",296,13.18,11.47,43,-1.993,3,204,36592,1.3,0.75,64778,213839,0,0,296,27560,1618,26777,-77,13,44.04354,-68.89224,5,0.146,1
"2026-05-24 23:00:00",297,13.19,11.13,44,2.985,3,211,36592,1.3,0.75,64778,214559,0,0,297,27560,1697,26856,-81,13,44.04351,-68.8923,4,0.146,1
"2026-05-25 00:00:00",298,13.19,11.55,44,-7.989,0,205,36592,1.3,0.75,64778,215279,0,0,298,27560,0,26929,-81,13,44.04356,-68.89228,4,0.146,1
"2026-05-25 01:00:00",299,13.19,11.26,44,-0.008,0,204,36592,1.3,0.75,64778,215999,0,0,299,27560,71.67,27001,-79,4,44.04356,-68.8923,4,0.146,1
"2026-05-25 02:00:00",300,13.17,11.1,44,-5.978,10,204,36592,1.3,0.75,64778,216719,0,0,300,27560,144.5,27073,-81,4,44.04359,-68.89231,4,0.136,1
"2026-05-25 03:00:00",301,13.16,11.4,44,10.03,30,211,36592,1.3,0.75,64778,217439,0,0,301,27560,213.3,27142,-83,4,44.04358,-68.89237,4,0.126,1
"2026-05-25 04:00:00",302,13.2,11.23,44,29.94,30,204,36592,1.3,0.75,64778,218159,0,0,302,27560,280.1,27209,-77,13,44.04358,-68.89237,4,0.126,1
"2026-05-25 05:00:00",303,13.14,11.52,44,-13.93,36,204,36592,1.3,0.75,64778,218879,0,0,303,27560,348.7,27278,-79,13,44.0436,-68.89233,4,0.1,1
"2026-05-25 06:00:00",304,13.19,11.74,44,35.95,36,204,36592,1.3,0.75,64778,219599,0,0,304,27560,415.4,27344,-81,13,44.0436,-68.89233,4,0.1,1
"2026-05-25 07:00:00",305,13.2,12.28,44,-0.029,0,204,36592,1.3,0.75,64778,220319,0,0,305,27560,489.2,27418,-81,4,44.0436,-68.89233,4,0.087,1
"2026-05-25 08:00:00",306,13.24,12.5,44,-21.02,-21,204,36592,1.3,0.75,64778,221039,0,0,306,27560,558.3,27487,-77,4,"NAN","NAN",4,0.087,1
"2026-05-25 09:00:00",307,13.25,12.36,43,-37.98,-23,204,36592,1.3,0.75,64778,221759,0,0,307,27560,624.5,27553,-77,13,"NAN","NAN",4,0.072,1
"2026-05-25 10:00:00",308,13.27,12.29,44,-23.04,-23,204,36592,1.3,0.75,64778,222479,0,0,308,27560,693.4,27622,-77,13,"NAN","NAN",4,0.072,1
"2026-05-25 11:00:00",309,13.29,12.16,44,-53.01,-53,204,36592,1.3,0.75,64778,223199,0,0,309,27560,763.4,27693,-77,13,44.04358,-68.89238,4,0.037,1
"2026-05-25 12:00:00",310,13.22,12.12,44,-57.85,51,204,36592,1.3,0.75,64778,223919,0,0,310,27560,835,27764,-75,4,44.04356,-68.89223,5,0.037,1
"2026-05-25 13:00:00",311,13.35,12.54,43,50.83,51,204,36592,1.3,0.75,64778,224639,0,0,311,27560,905,27834,-83,4,44.04352,-68.89226,5,0.008,1
"2026-05-25 14:00:00",312,13.48,16.65,42,-70.11,-70,204,36592,1.3,0.75,64778,225359,0,0,312,27560,978,27908,-83,4,44.04356,-68.89225,4,0.008,1
"2026-05-25 15:00:00",313,13.62,18.31,41,-148.2,-148,204,36592,1.3,0.75,64778,226079,0,0,313,27560,1055,27985,-81,4,44.04356,-68.89231,4,0.008,1
"2026-05-25 16:00:00",314,13.71,19.61,40,-266.8,-97,204,36592,1.3,0.75,64778,226799,0,0,314,27560,1129,28059,-81,4,44.04356,-68.8923,4,0.056,1
"2026-05-25 17:00:00",315,13.71,19.19,40,-97,-72,204,36592,1.3,0.75,64778,227519,0,0,315,27560,1278,28210,-77,13,44.04356,-68.89231,4,0.056,1
"2026-05-25 18:00:00",316,13.71,18.93,40,-71.97,-49,204,36592,1.3,0.75,64778,228239,0,0,316,27560,1356,28287,-77,13,44.04356,-68.89231,4,0.056,1
"2026-05-25 19:00:00",317,13.76,16.48,42,-48.98,-32,204,36592,1.3,0.75,64778,228959,0,0,317,27560,1432,28364,-79,4,44.0433,-68.89225,5,-0.017,1
"2026-05-25 20:00:00",318,13.6,13.37,43,-31.95,1,204,36592,1.3,0.75,64778,229679,0,0,318,27560,1503,28435,-79,4,44.04356,-68.89223,4,-0.017,1
"2026-05-25 21:00:00",319,13.33,12.85,43,1.057,42,204,36592,1.3,0.75,64778,230399,0,0,319,27560,1582,28514,-83,4,44.04346,-68.89233,4,-0.054,1
"2026-05-25 22:00:00",320,13.24,12.99,43,41.97,42,205,36592,1.3,0.75,64778,231119,0,0,320,27560,1657,28590,-83,13,44.04362,-68.89214,4,-0.054,1
"2026-05-25 23:00:00",321,13.18,14.17,44,18.06,63,204,36592,1.3,0.75,64778,231839,0,0,321,27560,1735,28668,-81,4,44.04352,-68.8922,4,-0.054,1
"2026-05-26 00:00:00",322,13.21,14.41,44,62.95,63,204,36592,1.3,0.75,64778,232559,0,0,322,27560,0,28740,-87,13,44.04356,-68.89217,4,-0.029,1
"2026-05-26 01:00:00",323,13.19,13.78,44,28.03,48,211,36592,1.3,0.75,64778,233279,0,0,323,27560,65.71,28806,-83,4,44.04354,-68.89223,5,-0.014,1
"2026-05-26 02:00:00",324,13.19,13.36,44,48.04,74,211,36592,1.3,0.75,64778,233999,0,0,324,27560,137.3,28878,-77,4,44.04352,-68.89224,4,-0.014,1
"2026-05-26 03:00:00",325,13.2,13.76,44,73.96,74,205,36592,1.3,0.75,64778,234719,0,0,325,27560,203.2,28944,-85,4,44.04354,-68.89226,6,0.003,1
"2026-05-26 04:00:00",326,13.21,14.62,44,46.96,47,204,36592,1.3,0.75,64778,235439,0,0,326,27560,268.7,29010,-85,4,44.04356,-68.8922,4,0.003,1
"2026-05-26 05:00:00",327,13.22,14.89,44,17.98,18,204,36592,1.3,0.75,64778,236159,0,0,327,27560,334.8,29076,-81,4,44.04356,-68.89228,5,0.003,1
"2026-05-26 06:00:00",328,13.42,18.08,44,-0.188,0,204,36592,1.3,0.75,64778,236879,0,0,328,27560,401.5,29143,-83,4,44.04354,-68.89231,4,0.012,1
"2026-05-26 07:00:00",329,13.48,19.26,43,-135,-135,204,36592,1.3,0.75,64778,237599,0,0,329,27560,469.8,29212,-81,4,44.04363,-68.89219,4,0.012,1
"2026-05-26 08:00:00",330,13.48,19.95,43,-153.9,-62,204,36592,1.3,0.75,64778,238319,0,0,330,27560,544.4,29287,-85,4,44.04358,-68.89225,4,0.043,1
"2026-05-26 09:00:00",331,13.71,18.99,43,-61.97,-40,211,36592,1.3,0.75,64778,239039,0,0,331,27560,609.8,29352,-87,4,44.04356,-68.89223,6,0.043,1
"2026-05-26 10:00:00",332,13.71,19.15,42,-39.97,-15,204,36592,1.3,0.75,64778,239759,0,0,332,27560,672.1,29415,-77,4,44.0436,-68.8922,5,0.043,1
"2026-05-26 11:00:00",333,13.72,19.8,43,-15.06,-15,204,36592,1.3,0.75,64778,240479,0,0,333,27560,735.7,29479,-79,4,44.04353,-68.8922,4,0.043,1
"2026-05-26 12:00:00",334,13.72,18.07,44,-59.99,-54,211,36592,1.3,0.75,64778,241199,0,0,334,27560,799,29542,-85,4,44.04357,-68.89222,4,0.043,1
"2026-05-26 13:00:00",335,13.74,18.1,44,-54,-54,204,36592,1.3,0.75,64778,241919,0,0,335,27560,861,29605,-73,4,44.04363,-68.8922,4,0.025,1
"2026-05-26 14:00:00",336,13.75,18.36,44,-57,-57,211,36592,1.3,0.75,64778,242639,0,0,336,27560,929,29674,-93,4,44.04351,-68.89224,4,0.025,1
"2026-05-26 15:00:00",337,13.74,18.9,44,-59.98,-47,204,36592,1.3,0.75,64778,243359,0,0,337,27560,998,29742,-79,4,44.04356,-68.8922,4,0.008,1
"2026-05-26 16:00:00",338,13.73,18.6,44,-46.99,-38,204,36592,1.3,0.75,64778,244079,0,0,338,27560,1079,29824,-81,4,44.04358,-68.89225,5,0.008,1
"2026-05-26 17:00:00",339,13.74,18.24,43,-38.04,-38,205,36592,1.3,0.75,64778,244799,0,0,339,27560,1165,29910,-75,4,44.04359,-68.89226,4,0.008,1
"2026-05-26 18:00:00",340,13.74,18.45,44,-64.96,-35,205,36592,1.3,0.75,64778,245519,0,0,340,27560,1243,29988,-75,4,44.04358,-68.89229,4,0.008,1
"2026-05-26 19:00:00",341,13.74,18.44,44,-34.98,-24,204,36592,1.3,0.75,64778,246239,0,0,341,27560,1316,30061,-79,4,44.0437,-68.89219,4,-0.03,1
"2026-05-26 20:00:00",342,13.64,15.84,44,-23.88,61,204,36592,1.3,0.75,64778,246959,0,0,342,27560,1455,30202,-77,13,44.04354,-68.89223,4,-0.03,1
"2026-05-26 21:00:00",343,13.35,14.12,44,61.01,65,211,36592,1.3,0.75,64778,247679,0,0,343,27560,1543,30289,-83,4,44.04356,-68.89223,4,-0.03,1
"2026-05-26 22:00:00",344,13.24,13.42,44,64.97,65,204,36592,1.3,0.75,64778,248399,0,0,344,27560,1630,30376,-81,4,44.04346,-68.89233,4,-0.03,1
"2026-05-26 23:00:00",345,13.21,13.51,44,39.97,40,204,36592,1.3,0.75,64778,249119,0,0,345,27560,1709,30456,-83,4,44.04351,-68.89224,4,-0.03,1
"2026-05-27 00:00:00",346,13.18,13.48,45,21.07,74,204,36592,1.3,0.75,64778,249839,0,0,346,27560,0,30548,-83,4,44.04353,-68.89218,4,-0.03,1
"2026-05-27 01:00:00",347,13.2,13.79,44,73.95,74,211,36592,1.3,0.75,64778,250559,0,0,347,27560,93.4,30642,-81,4,44.04349,-68.89232,5,-0.065,1
"2026-05-27 02:00:00",348,13.19,14.24,43,40.97,41,205,36592,1.3,0.75,64778,251279,0,0,348,27560,183.6,30732,-79,4,44.04359,-68.89223,4,-0.065,1
"2026-05-27 03:00:00",349,13.21,14.21,44,21.01,31,212,36592,1.3,0.75,64778,251999,0,0,349,27560,275.7,30825,-81,13,44.04354,-68.89223,4,-0.066,1
"2026-05-27 04:00:00",350,13.22,13.62,45,30.96,31,204,36592,1.3,0.75,64778,252719,0,0,350,27560,358.9,30908,-81,4,44.04354,-68.89224,4,-0.066,1
"2026-05-27 05:00:00",351,13.18,13.71,45,5.082,64,205,36592,1.3,0.75,64778,253439,0,0,351,27560,439,30989,-79,4,44.04356,-68.89223,4,-0.066,1
"2026-05-27 06:00:00",352,13.36,15.13,44,63.8,64,211,36592,1.3,0.75,64778,254159,0,0,352,27560,516.6,31067,-83,4,44.0435,-68.89224,4,-0.066,1
"2026-05-27 07:00:00",353,13.49,16.86,43,-82.1,-82,205,36592,1.3,0.75,64778,254879,0,0,353,27560,587.5,31138,-77,4,44.04358,-68.89224,5,-0.066,1
"2026-05-27 08:00:00",354,13.57,16.9,43,-150,-150,204,36592,1.3,0.75,64778,255599,0,0,354,27560,663.7,31214,-79,4,44.04358,-68.89224,5,-0.058,1
"2026-05-27 09:00:00",355,13.71,20.73,41,-176.8,-50,205,36592,1.3,0.75,64778,256319,0,0,355,27560,736.5,31288,-75,4,44.0435,-68.89224,4,-0.04,1
"2026-05-27 10:00:00",356,13.72,20.58,42,-49.97,-30,204,36592,1.3,0.75,64778,257039,0,0,356,27560,819,31370,-79,4,44.04362,-68.89222,4,-0.04,1
"2026-05-27 11:00:00",357,13.71,19.77,43,-30,-27,204,36592,1.3,0.75,64778,257759,0,0,357,27560,896,31448,-79,4,44.04339,-68.89227,4,-0.04,1
"2026-05-27 12:00:00",358,13.71,20.29,44,-27.04,-27,204,36592,1.3,0.75,64778,258479,0,0,358,27560,980,31532,-83,4,44.04351,-68.89223,5,-0.046,1
"2026-05-27 13:00:00",359,13.72,19.55,45,-53.01,-53,205,36592,1.3,0.75,64778,259199,0,0,359,27560,1075,31627,-75,4,44.04352,-68.89221,5,-0.046,1
"2026-05-27 14:00:00",360,13.69,22.37,45,-57.98,-46,205,36592,1.3,0.75,64778,259919,0,0,360,27560,1182,31736,-77,13,44.04359,-68.89221,4,-0.046,1
"2026-05-27 15:00:00",361,13.67,22.74,44,-46,-45,205,36592,1.3,0.75,64778,260639,0,0,361,27560,1280,31834,-75,4,44.04354,-68.8922,5,-0.046,1
"2026-05-27 16:00:00",362,13.66,20.59,43,-45,-43,204,36592,1.3,0.75,64778,261359,0,0,362,27560,1370,31925,-83,4,44.04356,-68.89222,4,-0.075,1
"2026-05-27 17:00:00",363,13.71,20.2,43,-43.01,-43,205,36592,1.3,0.75,64778,262079,0,0,363,27560,1461,32016,-81,4,44.04359,-68.89223,5,-0.075,1
"2026-05-27 18:00:00",364,13.7,20.61,44,-46.98,-30,204,36592,1.3,0.75,64778,262799,0,0,364,27560,1542,32098,-77,4,44.04347,-68.89225,4,-0.085,1
"2026-05-27 19:00:00",365,13.69,18.81,43,-29.94,11,204,36592,1.3,0.75,64778,263519,0,0,365,27560,1622,32178,-79,4,"NAN","NAN",4,-0.085,1
"2026-05-27 20:00:00",366,13.45,18.52,44,11.01,17,204,36592,1.3,0.75,64778,264239,0,0,366,27560,1707,32263,-83,4,"NAN","NAN",4,-0.091,1
"2026-05-27 21:00:00",367,13.3,17.32,45,17.02,32,204,36592,1.3,0.75,64778,264959,0,0,367,27560,1787,32344,-77,4,44.04351,-68.89224,5,-0.091,1
"2026-05-27 22:00:00",368,13.22,15.43,44,32.01,42,204,36592,1.3,0.75,64778,265679,0,0,368,27560,1879,32436,-79,4,44.04351,-68.8923,4,-0.09,1
"2026-05-27 23:00:00",369,13.22,15.05,44,41.96,42,204,36592,1.3,0.75,64778,266399,0,0,369,27560,1964,32521,-81,4,44.04354,-68.89229,5,-0.09,1
"2026-05-28 00:00:00",370,13.21,14.54,45,16.06,57,205,36592,1.3,0.75,64778,267119,0,0,370,27560,0,32602,-77,4,44.04354,-68.89226,5,-0.091,1
"2026-05-28 01:00:00",371,13.22,13.85,45,56.9,57,205,36592,1.3,0.75,64778,267839,0,0,371,27560,81.3,32684,-81,4,44.04354,-68.89225,4,-0.091,1
"2026-05-28 02:00:00",372,13.18,13.03,44,-15.91,48,204,36592,1.3,0.75,64778,268559,0,0,372,27560,168.5,32771,-81,4,44.04354,-68.89226,4,-0.092,1
"2026-05-28 03:00:00",373,13.18,12.6,44,47.97,48,211,36592,1.3,0.75,64778,269279,0,0,373,27560,476.6,33080,-83,4,44.04354,-68.89224,4,-0.092,1
"2026-05-28 04:00:00",374,13.2,12.24,45,27.98,28,204,36592,1.3,0.75,64778,269999,0,0,374,27560,556,33160,-87,4,44.04354,-68.8923,5,-0.092,1
"2026-05-28 05:00:00",375,13.21,13.5,45,14.96,15,205,36592,1.3,0.75,64778,270719,0,0,375,27560,640.8,33245,-85,4,44.04353,-68.89229,5,-0.092,1
"2026-05-28 06:00:00",376,13.29,14.64,45,-15.04,-15,212,36592,1.3,0.75,64778,271439,0,0,376,27560,715.8,33320,-87,4,44.04356,-68.89228,5,-0.088,1
"2026-05-28 07:00:00",377,13.63,16.93,43,-45.31,-45,204,36592,1.3,0.75,64778,272159,0,0,377,27560,792.9,33398,-79,4,44.04356,-68.89233,4,-0.087,1
"2026-05-28 08:00:00",378,13.72,18.23,44,-269.7,-58,205,36592,1.3,0.75,64778,272879,0,0,378,27560,862,33467,-77,4,44.04354,-68.8923,5,-0.078,1
"2026-05-28 09:00:00",379,13.75,18.81,44,-57.98,-46,204,36592,1.3,0.75,64778,273599,0,0,379,27560,935,33541,-85,4,44.04354,-68.89229,4,-0.075,1
"2026-05-28 10:00:00",380,13.74,18.44,43,-46.02,-46,204,36592,1.3,0.75,64778,274319,0,0,380,27560,1020,33625,-83,4,44.04342,-68.89218,4,-0.07,1
"2026-05-28 11:00:00",381,13.75,19.34,43,-58.98,-47,204,36592,1.3,0.75,64778,275039,0,0,381,27560,1110,33716,-75,4,44.04353,-68.89225,4,-0.07,1
"2026-05-28 12:00:00",382,13.74,18.37,43,-46.98,-35,204,36592,1.3,0.75,64778,275759,0,0,382,27560,1206,33812,-75,13,44.04351,-68.89228,4,-0.07,1
"2026-05-28 13:00:00",383,13.75,19.49,42,-35,-35,211,36592,1.3,0.75,64778,276479,0,0,383,27560,1288,33895,-83,4,44.04353,-68.89228,4,-0.07,1
"2026-05-28 14:00:00",384,13.75,19.55,43,-35.03,-35,205,36592,1.3,0.75,64778,277199,0,0,384,27560,1383,33990,-77,4,44.04351,-68.89224,4,-0.069,1
"2026-05-28 15:00:00",385,13.74,19.19,44,-58.99,-52,204,36592,1.3,0.75,64778,277919,0,0,385,27560,1481,34089,-77,4,44.04351,-68.89224,4,-0.066,1
"2026-05-28 16:00:00",386,13.72,18.03,43,-52,-49,204,36592,1.3,0.75,64778,278639,0,0,386,27560,1567,34175,-75,13,44.04351,-68.89224,4,-0.066,1
"2026-05-28 17:00:00",387,13.73,17.25,44,-48.98,-34,204,36592,1.3,0.75,64778,279359,0,0,387,27560,1655,34263,-81,4,44.04356,-68.89233,5,-0.066,1
"2026-05-28 18:00:00",388,13.74,16.92,44,-34.03,-34,204,36592,1.3,0.75,64778,280079,0,0,388,27560,1743,34352,-83,4,44.04347,-68.89238,4,-0.066,1
"2026-05-28 19:00:00",389,13.77,15.84,44,-56.95,-18,204,36592,1.3,0.75,64778,280799,0,0,389,27560,1831,34440,-83,4,44.04351,-68.89231,4,-0.062,1
"2026-05-28 20:00:00",390,13.63,14.94,44,-17.92,38,211,36592,1.3,0.75,64778,281519,0,0,390,27560,1916,34526,-73,4,44.04354,-68.89232,4,-0.062,1
"2026-05-28 21:00:00",391,13.37,13.3,45,37.96,38,211,36592,1.3,0.75,64778,282239,0,0,391,27560,2009,34620,-79,4,44.04356,-68.89237,4,-0.062,1
"2026-05-28 22:00:00",392,13.23,12.87,45,9.03,34,204,36592,1.3,0.75,64778,282959,0,0,392,27560,2100,34711,-81,4,44.04356,-68.89237,4,-0.062,1
"2026-05-28 23:00:00",393,13.2,12.39,45,33.99,34,204,36592,1.3,0.75,64778,283679,0,0,393,27560,2197,34808,-77,4,44.04352,-68.8923,4,-0.05,1
"2026-05-29 00:00:00",394,13.21,11.81,45,27.98,28,204,36592,1.3,0.75,64778,284399,0,0,394,27560,0,34907,-81,4,44.0436,-68.8923,4,-0.05,1
"2026-05-29 01:00:00",395,13.2,11.7,45,12.03,30,204,36592,1.3,0.75,64778,285119,0,0,395,27560,90.3,34998,-85,4,44.04353,-68.89227,4,-0.05,1
"2026-05-29 02:00:00",396,13.2,11.43,45,29.98,30,204,36592,1.3,0.75,64778,285839,0,0,396,27560,181.2,35090,-79,13,44.04351,-68.89226,4,-0.05,1
"2026-05-29 03:00:00",397,13.19,11.24,45,16.01,21,205,36592,1.3,0.75,64778,286559,0,0,397,27560,268.3,35177,-79,13,44.04357,-68.89223,4,-0.05,1
"2026-05-29 04:00:00",398,13.19,10.83,45,20.98,21,204,36592,1.3,0.75,64778,287279,0,0,398,27560,368,35278,-77,13,44.04352,-68.89228,4,-0.05,1
"2026-05-29 05:00:00",399,13.17,10.9,45,10.06,53,205,36592,1.3,0.75,64778,287999,0,0,399,27560,463.1,35373,-77,13,44.04365,-68.89244,5,-0.05,1
"2026-05-29 06:00:00",400,13.47,12.55,44,52.72,53,204,36592,1.3,0.75,64778,288719,0,0,400,27560,559.3,35470,-75,13,44.04352,-68.8923,4,-0.05,1
"2026-05-29 07:00:00",401,13.52,13.97,43,-149.9,-82,204,36592,1.3,0.75,64778,289439,0,0,401,27560,638.2,35549,-79,4,44.04354,-68.8923,5,-0.05,1
"2026-05-29 08:00:00",402,13.83,14.07,43,-82,-82,204,36592,1.3,0.75,64778,290159,0,0,402,27560,721.7,35633,-87,4,44.0435,-68.89233,4,-0.05,1
"2026-05-29 09:00:00",403,13.83,15.32,43,-99,-82,204,36592,1.3,0.75,64778,290879,0,0,403,27560,801,35713,-79,4,44.04356,-68.89233,4,-0.049,1
"2026-05-29 10:00:00",404,13.8,17.05,43,-81.9,-37,204,36592,1.3,0.75,64778,291599,0,0,404,27560,888,35800,-79,4,44.04354,-68.89226,4,-0.049,1
"2026-05-29 11:00:00",405,13.77,17.51,43,-37.05,-37,212,36592,1.3,0.75,64778,292319,0,0,405,27560,973,35885,-75,4,44.0436,-68.89238,5,-0.049,1
"2026-05-29 12:00:00",406,13.71,19.69,42,-72.92,-18,204,36592,1.3,0.75,64778,293039,0,0,406,27560,1059,35972,-79,4,44.0435,-68.89231,4,-0.049,1
"2026-05-29 13:00:00",407,13.7,20.15,43,-18,-18,205,36592,1.3,0.75,64778,293759,0,0,407,27560,1161,36074,-83,4,44.04354,-68.89227,4,-0.054,1
"2026-05-29 14:00:00",408,13.72,18.2,43,-19.03,-19,204,36592,1.3,0.75,64778,294479,0,0,408,27560,1249,36162,-83,4,44.04364,-68.89229,4,-0.054,1
"2026-05-29 15:00:00",409,13.75,18.98,42,-39.98,-28,204,36592,1.3,0.75,64778,295199,0,0,409,27560,1329,36243,-77,4,44.04354,-68.89227,4,-0.054,1
"2026-05-29 16:00:00",410,13.74,16.77,44,-28.03,-28,204,36592,1.3,0.75,64778,295919,0,0,410,27560,1409,36324,-73,4,44.04366,-68.89239,5,-0.054,1
"2026-05-29 17:00:00",411,13.74,16.77,43,-51.98,-37,204,36592,1.3,0.75,64778,296639,0,0,411,27560,1499,36414,-75,4,44.04358,-68.89225,5,-0.056,1
"2026-05-29 18:00:00",412,13.77,15.46,43,-37.02,-37,211,36592,1.3,0.75,64778,297359,0,0,412,27560,1588,36503,-77,4,44.04353,-68.89228,5,-0.056,1
"2026-05-29 19:00:00",413,13.71,13.81,44,-48.95,-14,204,36592,1.3,0.75,64778,298079,0,0,413,27560,1664,36580,-85,4,44.04352,-68.89226,4,-0.068,1
"2026-05-29 20:00:00",414,13.43,12.73,44,-13.96,16,205,36592,1.3,0.75,64778,298799,0,0,414,27560,1744,36660,-81,4,44.04339,-68.89227,4,-0.068,1
"2026-05-29 21:00:00",415,13.27,12.21,45,16.03,41,204,36592,1.3,0.75,64778,299519,0,0,415,27560,1826,36742,-79,4,44.04354,-68.89227,4,-0.068,1
"2026-05-29 22:00:00",416,13.21,12.03,44,40.98,41,211,36592,1.3,0.75,64778,300239,0,0,416,27560,1914,36831,-77,4,44.04354,-68.89227,4,-0.068,1
"2026-05-29 23:00:00",417,13.2,11.91,45,28,28,204,36592,1.3,0.75,64778,300959,0,0,417,27560,2001,36918,-83,4,44.04356,-68.89224,4,-0.062,1
"2026-05-30 00:00:00",418,13.16,11.43,45,26.01,36,211,36592,1.3,0.75,64778,301679,0,0,418,27560,0,37000,-77,4,44.04359,-68.89225,4,-0.062,1
"2026-05-30 01:00:00",419,13.19,10.69,45,35.95,36,211,36592,1.3,0.75,64778,302399,0,0,419,27560,75.87,37076,-79,4,44.04354,-68.89235,5,-0.059,1
"2026-05-30 02:00:00",420,13.18,11.02,44,-2.996,0,205,36592,1.3,0.75,64778,303119,0,0,420,27560,150.9,37152,-85,4,44.04356,-68.89225,4,-0.054,1
"2026-05-30 03:00:00",421,13.13,10.65,44,0.019,14,204,36592,1.3,0.75,64778,303839,0,0,421,27560,230.2,37231,-79,13,44.04356,-68.89225,4,-0.05,1
"2026-05-30 04:00:00",422,13.17,9.91,44,13.97,14,204,36592,1.3,0.75,64778,304559,0,0,422,27560,312,37313,-51,13,44.04356,-68.89225,4,-0.05,1
"2026-05-30 05:00:00",423,13.17,9.45,44,-11.01,-11,211,36592,1.3,0.75,64778,305279,0,0,423,27560,390.4,37392,-77,13,44.04351,-68.89233,4,-0.05,1
"2026-05-30 06:00:00",424,13.27,9.56,44,-17.07,-17,204,36592,1.3,0.75,64778,305999,0,0,424,27560,464.9,37467,-85,4,44.04362,-68.89213,5,-0.05,1
"2026-05-30 07:00:00",425,13.31,9.95,44,-66.97,-45,204,36592,1.3,0.75,64778,306719,0,0,425,27560,541.7,37544,-87,4,44.04352,-68.8923,5,-0.045,1
"2026-05-30 08:00:00",426,13.31,10.58,44,-44.96,-14,204,36592,1.3,0.75,64778,307439,0,0,426,27560,620.7,37624,-81,4,44.04351,-68.89227,4,-0.045,1
"2026-05-30 09:00:00",427,13.5,11.62,44,-14.18,-14,205,36592,1.3,0.75,64778,308159,0,0,427,27560,697.8,37701,-81,4,44.04359,-68.89236,5,-0.031,1
"2026-05-30 10:00:00",428,13.57,12.28,43,-147,-147,212,36592,1.3,0.75,64778,308879,0,0,428,27560,772.5,37776,-83,4,44.04357,-68.89218,4,-0.023,1
"2026-05-30 11:00:00",429,13.45,11.22,44,-164.8,-23,211,36592,1.3,0.75,64778,309599,0,0,429,27560,849,37853,-83,4,44.04354,-68.89234,5,-0.001,1
"2026-05-30 12:00:00",430,13.89,12.72,44,-23.1,-23,211,36592,1.3,0.75,64778,310319,0,0,430,27560,926,37930,-77,4,44.0435,-68.89237,4,0.007,1
"2026-05-30 13:00:00",431,13.9,13.48,43,-97.9,-41,205,36592,1.3,0.75,64778,311039,0,0,431,27560,1005,38010,-75,4,44.04356,-68.8923,4,0.011,1
"2026-05-30 14:00:00",432,13.86,13.65,44,-40.99,-37,205,36592,1.3,0.75,64778,311759,0,0,432,27560,1080,38085,-83,4,44.04356,-68.8923,4,0.021,1
"2026-05-30 15:00:00",433,13.86,14.2,43,-37.01,-37,204,36592,1.3,0.75,64778,312479,0,0,433,27560,1154,38160,-81,4,44.04351,-68.89219,4,0.025,1
"2026-05-30 16:00:00",434,13.86,14.49,44,-42.04,-42,204,36592,1.3,0.75,64778,313199,0,0,434,27560,1232,38238,-73,4,44.04351,-68.89219,4,0.025,1
"2026-05-30 17:00:00",435,13.83,14.15,44,-69.99,-66,211,36592,1.3,0.75,64778,313919,0,0,435,27560,1313,38319,-79,4,44.04347,-68.89228,4,0.025,1
"2026-05-30 18:00:00",436,13.84,14.16,44,-65.96,-40,211,36592,1.3,0.75,64778,314639,0,0,436,27560,1392,38399,-79,4,44.0435,-68.89229,4,0.025,1
"2026-05-30 19:00:00",437,13.82,14.84,44,-39.94,0,211,36592,1.3,0.75,64778,315359,0,0,437,27560,1470,38476,-75,4,44.04356,-68.89232,4,0.024,1
"2026-05-30 20:00:00",438,13.56,12.84,45,0,0,204,36592,1.3,0.75,64778,316079,0,0,438,27560,1554,38561,-73,4,44.04342,-68.89228,4,0.013,1
"2026-05-30 21:00:00",439,13.34,11.6,45,0.008,6,204,36592,1.3,0.75,64778,316799,0,0,439,27560,1636,38644,-81,4,44.04356,-68.8923,5,0.013,1
"2026-05-30 22:00:00",440,13.19,11.2,45,6.015,17,212,36592,1.3,0.75,64778,317519,0,0,440,27560,1719,38727,-81,4,44.04356,-68.89224,4,-0.006,1
"2026-05-30 23:00:00",441,13.2,10.18,45,17.01,25,211,36592,1.3,0.75,64778,318239,0,0,441,27560,1802,38811,-75,13,44.04356,-68.89224,4,-0.006,1
"2026-05-31 00:00:00",442,13.17,9.58,45,25.03,47,204,36592,1.3,0.75,64778,318959,0,0,442,27560,0.104,38901,-93,4,44.04354,-68.89224,4,-0.017,1
"2026-05-31 01:00:00",443,13.16,9.63,45,47.02,63,205,36592,1.3,0.75,64778,319679,0,0,443,27560,86.4,38988,-81,4,44.04356,-68.89223,6,-0.017,1
"2026-05-31 02:00:00",444,13.17,9.74,45,62.96,63,204,36592,1.3,0.75,64778,320399,0,0,444,27560,175.5,39078,-81,4,44.04358,-68.89228,4,-0.017,1
"2026-05-31 03:00:00",445,13.18,9.84,45,35.98,36,211,36592,1.3,0.75,64778,321119,0,0,445,27560,256.6,39159,-75,13,44.04357,-68.89222,7,-0.013,1
"2026-05-31 04:00:00",446,13.16,9.9,45,21.98,22,204,36592,1.3,0.75,64778,321839,0,0,446,27560,339.4,39242,-73,13,44.04353,-68.89222,4,-0.013,1
"2026-05-31 05:00:00",447,13.18,9.83,45,3.978,4,204,36592,1.3,0.75,64778,322559,0,0,447,27560,420.5,39324,-79,13,44.04354,-68.89226,4,-0.013,1
"2026-05-31 06:00:00",448,13.42,12.19,45,-12.15,-12,204,36592,1.3,0.75,64778,323279,0,0,448,27560,500.4,39404,-79,4,"NAN","NAN",4,-0.011,1
"2026-05-31 07:00:00",449,13.56,14.66,44,-117.1,-117,211,36592,1.3,0.75,64778,323999,0,0,449,27560,578.6,39482,-75,13,44.04356,-68.89226,5,-0.011,1
"2026-05-31 08:00:00",450,13.57,14.18,44,-183.9,-127,204,36592,1.3,0.75,64778,324719,0,0,450,27560,656.2,39560,-85,4,44.04354,-68.89227,4,0.007,1
"2026-05-31 09:00:00",451,13.8,15.37,44,-126.9,-88,204,36592,1.3,0.75,64778,325439,0,0,451,27560,736.5,39641,-75,13,"NAN","NAN",4,0.007,1
"2026-05-31 10:00:00",452,13.79,15.13,45,-88,-71,204,36592,1.3,0.75,64778,326159,0,0,452,27560,814,39719,-87,4,"NAN","NAN",4,0.007,1
"2026-05-31 11:00:00",453,13.8,14.5,45,-71.02,-71,204,36592,1.3,0.75,64778,326879,0,0,453,27560,898,39803,-83,4,44.04356,-68.8923,4,0.007,1
"2026-05-31 12:00:00",454,13.8,14.57,44,-88,-76,204,36592,1.3,0.75,64778,327599,0,0,454,27560,977,39882,-81,4,44.04356,-68.8923,4,-0.013,1
"2026-05-31 13:00:00",455,13.84,13.72,44,-75.99,-72,205,36592,1.3,0.75,64778,328319,0,0,455,27560,1052,39958,-81,4,44.04357,-68.89228,4,-0.013,1
"2026-05-31 14:00:00",456,13.82,14.41,44,-71.99,-64,204,36592,1.3,0.75,64778,329039,0,0,456,27560,1134,40040,-79,4,"NAN","NAN",5,-0.022,1
"2026-05-31 15:00:00",457,13.82,13.33,44,-64,-62,204,36592,1.3,0.75,64778,329759,0,0,457,27560,1219,40126,-79,4,"NAN","NAN",5,-0.022,1
"2026-05-31 16:00:00",458,13.83,13.45,44,-62.01,-62,204,36592,1.3,0.75,64778,330479,0,0,458,27560,1300,40207,-81,4,44.04358,-68.89223,4,-0.041,1
"2026-05-31 17:00:00",459,13.85,13.07,44,-66.01,-66,204,36592,1.3,0.75,64778,331199,0,0,459,27560,1380,40287,-81,4,44.04359,-68.89221,4,-0.041,1
"2026-05-31 18:00:00",460,13.78,11.98,44,-75.88,9,211,36592,1.3,0.75,64778,331919,0,0,460,27560,1461,40369,-81,4,44.04364,-68.89214,4,-0.041,1
"2026-05-31 19:00:00",461,13.57,11.33,45,9,12,204,36592,1.3,0.75,64778,332639,0,0,461,27560,1539,40448,-77,4,44.04358,-68.8923,5,-0.041,1
"2026-05-31 20:00:00",462,13.36,11.45,45,11.98,12,204,36592,1.3,0.75,64778,333359,0,0,462,27560,1619,40529,-77,13,44.04358,-68.8923,5,-0.041,1
"2026-05-31 21:00:00",463,13.21,11.09,45,1.046,34,204,36592,1.3,0.75,64778,334079,0,0,463,27560,1697,40608,-79,4,44.04359,-68.89231,4,-0.041,1
"2026-05-31 22:00:00",464,13.2,11.1,45,33.95,34,212,36592,1.3,0.75,64778,334799,0,0,464,27560,1779,40692,-85,4,44.04357,-68.8923,5,-0.041,1
"2026-05-31 23:00:00",465,13.15,10.83,45,-1.89,77,205,36592,1.3,0.75,64778,335519,0,0,465,27560,1866,40780,-79,4,44.04361,-68.89228,4,-0.034,1
"2026-06-01 00:00:00",466,13.17,10.53,45,76.96,77,204,36592,1.3,0.75,64778,336239,0,0,466,27560,0,0,-77,4,44.04358,-68.89228,4,-0.032,1
"2026-06-01 01:00:00",467,13.17,10.73,45,50.98,51,204,36592,1.3,0.75,64778,336959,0,0,467,27560,78.64,78,-93,4,44.04354,-68.89223,4,-0.03,1
"2026-06-01 02:00:00",468,13.15,10.74,45,36.02,50,204,36592,1.3,0.75,64778,337679,0,0,468,27560,163,163,-77,4,44.04354,-68.89223,4,-0.03,1
"2026-06-01 03:00:00",469,13.18,10.62,45,49.98,50,204,36592,1.3,0.75,64778,338399,0,0,469,27560,245.2,245,-83,4,44.04351,-68.89219,4,-0.024,1
"2026-06-01 04:00:00",470,13.19,10.66,46,35.96,36,204,36592,1.3,0.75,64778,339119,0,0,470,27560,329.4,329,-85,4,44.04352,-68.89228,4,-0.024,1
"2026-06-01 05:00:00",471,13.18,10.62,46,4.012,13,212,36592,1.3,0.75,64778,339839,0,0,471,27560,411.4,411,-81,4,44.04352,-68.89228,5,-0.019,1
"2026-06-01 06:00:00",472,13.45,11.71,45,12.78,13,211,36592,1.3,0.75,64778,340559,0,0,472,27560,494.8,494,-81,4,44.04353,-68.89229,5,-0.018,1
"2026-06-01 07:00:00",473,13.56,14.99,44,-144,-114,204,36592,1.3,0.75,64778,341279,0,0,473,27560,581.6,581,-81,4,44.04347,-68.8922,4,-0.009,1
"2026-06-01 08:00:00",474,13.79,15.27,44,-114,-80,211,36592,1.3,0.75,64778,341999,0,0,474,27560,672.6,672,-83,4,44.04351,-68.89224,4,0.003,1
"2026-06-01 09:00:00",475,13.8,16.21,45,-79.99,-76,205,36592,1.3,0.75,64778,342719,0,0,475,27560,758.9,758,-79,4,44.04353,-68.89228,6,0.015,1
"2026-06-01 10:00:00",476,13.81,17.73,45,-75.98,-65,204,36592,1.3,0.75,64778,343439,0,0,476,27560,837,837,-79,4,44.04351,-68.89243,4,0.015,1
"2026-06-01 11:00:00",477,13.74,19.05,43,-64.91,1,204,36592,1.3,0.75,64778,344159,0,0,477,27560,921,920,-77,4,44.04348,-68.89224,5,0.018,1
"2026-06-01 12:00:00",478,13.74,16.58,44,0.9,1,204,36592,1.3,0.75,64778,344879,0,0,478,27560,1000,999,-79,4,44.04351,-68.8922,5,0.018,1
"2026-06-01 13:00:00",479,13.8,14.7,44,-71.01,-71,205,36592,1.3,0.75,64778,345599,0,0,479,27560,1077,1077,-83,4,44.04351,-68.8922,5,0.023,1
"2026-06-01 14:00:00",480,13.8,14.51,44,-76.99,-71,212,36592,1.3,0.75,64778,346319,0,0,480,27560,1160,1160,-87,4,44.04357,-68.89231,4,0.023,1
"2026-06-01 15:00:00",481,13.83,15.18,44,-70.97,-51,204,36592,1.3,0.75,64778,347039,0,0,481,27560,1240,1240,-81,4,44.04357,-68.89231,4,0.028,1
"2026-06-01 16:00:00",482,13.83,15.12,44,-51,-49,211,36592,1.3,0.75,64778,347759,0,0,482,27560,1316,1316,-79,4,44.04357,-68.89223,4,0.028,1
"2026-06-01 17:00:00",483,13.84,15.91,44,-49.01,-49,211,36592,1.3,0.75,64778,348479,0,0,483,27560,1395,1395,-77,4,44.04293,-68.89233,4,0.032,1
"2026-06-01 18:00:00",484,13.84,15.82,43,-59,-58,212,36592,1.3,0.75,64778,349199,0,0,484,27560,1473,1472,-79,4,44.04351,-68.89226,4,0.032,1
"2026-06-01 19:00:00",485,13.83,15.55,43,-57.99,-51,210,36592,1.3,0.75,64778,349919,0,0,485,27560,1555,1554,-77,4,44.04357,-68.89224,4,0.035,1
"2026-06-01 20:00:00",486,13.78,13.81,44,-50.93,0,204,36592,1.3,0.75,64778,350639,0,0,486,27560,1636,1635,-77,4,44.04363,-68.89229,4,0.035,1
"2026-06-01 21:00:00",487,13.4,11.6,45,0.024,17,204,36592,1.3,0.75,64778,351359,0,0,487,27560,1721,1721,-79,4,44.04363,-68.89229,4,0.039,1
"2026-06-01 22:00:00",488,13.26,11.28,45,17,17,204,36592,1.3,0.75,64778,352079,0,0,488,27560,1809,1808,-85,4,44.04359,-68.89229,5,0.039,1
"2026-06-01 23:00:00",489,13.19,11.65,45,16.01,24,204,36592,1.3,0.75,64778,352799,0,0,489,27560,1898,1898,-83,4,44.04365,-68.89229,5,0.04,1
"2026-06-02 00:00:00",490,13.2,11.25,45,23.98,24,204,36592,1.3,0.75,64778,353519,0,0,490,27560,0,1994,-85,4,44.04356,-68.89228,4,0.042,1
"2026-06-02 01:00:00",491,13.19,11.32,45,10.03,30,204,36592,1.3,0.75,64778,354239,0,0,491,27560,91.9,2086,-87,4,44.04354,-68.89223,4,0.042,1
"2026-06-02 02:00:00",492,13.2,11.06,46,29.99,30,211,36592,1.3,0.75,64778,354959,0,0,492,27560,173.4,2168,-83,4,44.04349,-68.89228,4,0.042,1
"2026-06-02 03:00:00",493,13.19,11.19,46,25,26,204,36592,1.3,0.75,64778,355679,0,0,493,27560,254.5,2249,-79,4,44.04358,-68.89222,5,0.041,1
"2026-06-02 04:00:00",494,13.19,10.99,46,26.01,36,204,36592,1.3,0.75,64778,356399,0,0,494,27560,335.2,2330,-85,4,44.04356,-68.8922,4,0.041,1
"2026-06-02 05:00:00",495,13.16,11.2,46,36.04,64,204,36592,1.3,0.75,64778,357119,0,0,495,27560,414.9,2409,-79,4,44.04352,-68.89223,4,0.037,1
"2026-06-02 06:00:00",496,13.53,14.44,44,63.65,64,204,36592,1.3,0.75,64778,357839,0,0,496,27560,498,2492,-79,4,44.04352,-68.89223,4,0.037,1
"2026-06-02 07:00:00",497,13.55,18,43,-186,-156,204,36592,1.3,0.75,64778,358559,0,0,497,27560,579,2573,-77,4,44.04356,-68.89225,5,0.037,1
"2026-06-02 08:00:00",498,13.65,17.77,45,-155.9,-81,204,36592,1.3,0.75,64778,359279,0,0,498,27560,658.7,2653,-75,4,44.04352,-68.89226,6,0.037,1
"2026-06-02 09:00:00",499,13.74,18.24,44,-81,-49,204,36592,1.3,0.75,64778,359999,0,0,499,27560,738.9,2733,-79,4,44.04359,-68.89214,4,0.042,1
"2026-06-02 10:00:00",500,13.74,17.37,44,-49.01,-49,204,36592,1.3,0.75,64778,360719,0,0,500,27560,821,2815,-77,4,44.04358,-68.89231,6,0.042,1
"2026-06-02 11:00:00",501,13.77,17.26,44,-52.98,-35,204,36592,1.3,0.75,64778,361439,0,0,501,27560,903,2898,-75,4,44.0436,-68.89226,4,0.042,1
"2026-06-02 12:00:00",502,13.78,16.68,44,-35.02,-35,204,36592,1.3,0.75,64778,362159,0,0,502,27560,981,2975,-81,4,44.04364,-68.89217,4,0.042,1
"2026-06-02 13:00:00",503,13.76,16.66,45,-47,-44,204,36592,1.3,0.75,64778,362879,0,0,503,27560,1064,3059,-75,4,44.04364,-68.89217,4,0.026,1
"2026-06-02 14:00:00",504,13.76,16.71,45,-43.92,11,204,36592,1.3,0.75,64778,363599,0,0,504,27560,1148,3142,-77,4,44.04364,-68.89217,4,0.026,1
"2026-06-02 15:00:00",505,13.77,16.9,45,10.91,11,204,36592,1.3,0.75,64778,364319,0,0,505,27560,1242,3236,-73,4,44.04346,-68.89223,4,0.024,1
"2026-06-02 16:00:00",506,13.77,16.64,45,-56.99,-50,204,36592,1.3,0.75,64778,365039,0,0,506,27560,1327,3321,-81,4,44.04354,-68.89218,4,0.024,1
"2026-06-02 17:00:00",507,13.77,17.21,45,-50,-47,205,36592,1.3,0.75,64778,365759,0,0,507,27560,1409,3404,-77,4,44.04356,-68.89222,5,0.024,1
"2026-06-02 18:00:00",508,13.77,16.38,45,-46.99,-40,204,36592,1.3,0.75,64778,366479,0,0,508,27560,1504,3498,-77,4,44.04354,-68.89222,6,0.024,1
"2026-06-02 19:00:00",509,13.62,14.8,46,-39.9,32,204,36592,1.3,0.75,64778,367199,0,0,509,27560,1608,3603,-75,4,44.04356,-68.89222,6,0.023,1
"2026-06-02 20:00:00",510,13.4,13.98,46,31.98,32,204,36592,1.3,0.75,64778,367919,0,0,510,27560,1714,3708,-75,4,44.04359,-68.89223,5,0.023,1
"2026-06-02 21:00:00",511,13.25,13.46,46,20.02,36,211,36592,1.3,0.75,64778,368639,0,0,511,27560,1830,3824,-75,4,44.04358,-68.89223,4,0.015,1
"2026-06-02 22:00:00",512,13.22,13.16,46,35.95,36,204,36592,1.3,0.75,64778,369359,0,0,512,27560,1939,3933,-73,4,44.04354,-68.89225,4,0.015,1
"2026-06-02 23:00:00",513,13.21,13.09,46,-0.953,33,204,36592,1.3,0.75,64778,370079,0,0,513,27560,2049,4043,-81,4,44.04356,-68.89232,4,0.015,1
"2026-06-03 00:00:00",514,13.18,12.7,46,33.04,65,204,36592,1.3,0.75,64778,370799,0,0,514,27560,0.133,4153,-79,4,44.04356,-68.8923,6,0.027,1
"2026-06-03 01:00:00",515,13.16,12.48,46,65,65,211,36592,1.3,0.75,64778,371519,0,0,515,27560,132.6,4285,-81,4,44.04356,-68.89225,5,0.035,1
"2026-06-03 02:00:00",516,13.2,12.28,46,64.94,65,204,36592,1.3,0.75,64778,372239,0,0,516,27560,274.9,4427,-81,4,"NAN","NAN",4,0.035,1
"2026-06-03 03:00:00",517,13.19,12.3,46,24.02,37,211,36592,1.3,0.75,64778,372959,0,0,517,27560,406.7,4559,-75,13,44.04351,-68.89223,4,0.035,1
"2026-06-03 04:00:00",518,13.19,11.63,46,37.01,47,204,36592,1.3,0.75,64778,373679,0,0,518,27560,523.6,4676,-79,4,44.04356,-68.89223,5,0.035,1
"2026-06-03 05:00:00",519,13.2,11.7,46,46.96,47,204,36592,1.3,0.75,64778,374399,0,0,519,27560,628.4,4781,-83,4,44.04348,-68.89221,4,0.028,1
"2026-06-03 06:00:00",520,13.39,14.82,45,18.87,19,204,36592,1.3,0.75,64778,375119,0,0,520,27560,728.8,4881,-79,4,44.04352,-68.89227,4,0.028,1
"2026-06-03 07:00:00",521,13.63,17.94,46,-74.27,-74,211,36592,1.3,0.75,64778,375839,0,0,521,27560,822,4974,-85,4,"NAN","NAN",4,0.028,1
"2026-06-03 08:00:00",522,13.73,19.74,46,-270.7,-73,205,36592,1.3,0.75,64778,376559,0,0,522,27560,915,5068,-73,13,"NAN","NAN",4,0.089,1
"2026-06-03 09:00:00",523,13.69,22.11,46,-72.98,-57,205,36592,1.3,0.75,64778,377279,0,0,523,27560,1002,5154,-71,4,44.04356,-68.89224,4,0.106,1
"2026-06-03 10:00:00",524,13.68,20.08,46,-57.02,-57,204,36592,1.3,0.75,64778,377999,0,0,524,27560,1097,5249,-77,4,"NAN","NAN",4,0.112,1
"2026-06-03 11:00:00",525,13.74,17.6,45,-69.03,-69,204,36592,1.3,0.75,64778,378719,0,0,525,27560,1189,5341,-75,13,44.04356,-68.89235,4,0.112,1
"2026-06-03 12:00:00",526,13.76,16.4,45,-90.9,-54,204,36592,1.3,0.75,64778,379439,0,0,526,27560,1279,5432,-79,4,44.04356,-68.89236,4,0.112,1
"2026-06-03 13:00:00",527,13.77,16.42,45,-54.03,-54,204,36592,1.3,0.75,64778,380159,0,0,527,27560,1362,5514,-75,13,44.0435,-68.89239,5,0.112,1
"2026-06-03 14:00:00",528,13.78,16.06,45,-77.98,-67,211,36592,1.3,0.75,64778,380879,0,0,528,27560,1445,5598,-77,13,44.04354,-68.8923,4,0.05,1
"2026-06-03 15:00:00",529,13.77,16.59,45,-67.01,-67,204,36592,1.3,0.75,64778,381599,0,0,529,27560,1524,5676,-77,13,44.04353,-68.8923,5,0.05,1
"2026-06-03 16:00:00",530,13.8,17.05,44,-73,-72,205,36592,1.3,0.75,64778,382319,0,0,530,27560,1605,5757,-75,13,44.04353,-68.8923,5,0.05,1
"2026-06-03 17:00:00",531,13.78,18.06,44,-71.97,-49,204,36592,1.3,0.75,64778,383039,0,0,531,27560,1690,5842,-81,4,44.04353,-68.8923,5,0.055,1
"2026-06-03 18:00:00",532,13.74,18.91,44,-48.98,-35,210,36592,1.3,0.75,64778,383759,0,0,532,27560,1774,5927,-77,13,44.04353,-68.89225,4,0.059,1
"2026-06-03 19:00:00",533,13.75,19.17,44,-35.04,-35,204,36592,1.3,0.75,64778,384479,0,0,533,27560,1854,6007,-79,4,44.04358,-68.89225,6,0.063,1
"2026-06-03 20:00:00",534,13.65,17.1,44,-64.89,15,205,36592,1.3,0.75,64778,385199,0,0,534,27560,1932,6085,-85,4,44.04359,-68.89228,5,0.063,1
"2026-06-03 21:00:00",535,13.36,15.02,44,14.98,15,204,36592,1.3,0.75,64778,385919,0,0,535,27560,2016,6168,-77,13,44.04356,-68.8923,4,0.063,1
"2026-06-03 22:00:00",536,13.21,14.5,45,0.033,24,211,36592,1.3,0.75,64778,386639,0,0,536,27560,2099,6251,-77,13,44.04358,-68.89228,7,0.034,1
"2026-06-03 23:00:00",537,13.2,15.12,45,24,24,204,36592,1.3,0.75,64778,387359,0,0,537,27560,2176,6328,-77,13,44.04358,-68.89235,6,0.034,1
"2026-06-04 00:00:00",538,13.19,14.1,45,23.05,56,204,36592,1.3,0.75,64778,388079,0,0,538,27560,0,6406,-79,13,44.04359,-68.89231,5,0.025,1
"2026-06-04 01:00:00",539,13.2,13.39,46,55.98,56,204,36592,1.3,0.75,64778,388799,0,0,539,27560,78.64,6485,-83,4,44.0435,-68.89228,4,0.026,1
"2026-06-04 02:00:00",540,13.2,13.3,46,37.97,38,205,36592,1.3,0.75,64778,389519,0,0,540,27560,162.4,6569,-81,4,44.04344,-68.89227,4,0.028,1
"2026-06-04 03:00:00",541,13.21,13.24,46,18.01,27,211,36592,1.3,0.75,64778,390239,0,0,541,27560,255.6,6662,-81,13,44.04359,-68.89223,4,0.028,1
"2026-06-04 04:00:00",542,13.18,12.79,46,27.04,56,204,36592,1.3,0.75,64778,390959,0,0,542,27560,353.1,6760,-77,4,44.04351,-68.89227,4,0.028,1
"2026-06-04 05:00:00",543,13.19,13.45,46,55.96,56,212,36592,1.3,0.75,64778,391679,0,0,543,27560,450.5,6857,-81,13,44.04354,-68.89236,4,0.028,1
"2026-06-04 06:00:00",544,13.35,16.16,45,27.88,28,204,36592,1.3,0.75,64778,392399,0,0,544,27560,535.9,6942,-79,4,44.04356,-68.89223,6,0.028,1
"2026-06-04 07:00:00",545,13.46,18.82,45,-61.1,-61,204,36592,1.3,0.75,64778,393119,0,0,545,27560,623.3,7030,-79,4,44.04354,-68.89221,6,0.028,1
"2026-06-04 08:00:00",546,13.45,19.52,46,-135,-135,204,36592,1.3,0.75,64778,393839,0,0,546,27560,701.4,7108,-81,4,44.04356,-68.89225,4,0.065,1
"2026-06-04 09:00:00",547,13.63,19.26,45,-137.1,-137,205,36592,1.3,0.75,64778,394559,0,0,547,27560,790.8,7197,-73,13,44.04358,-68.89229,5,0.067,1
"2026-06-04 10:00:00",548,13.71,18.95,45,-212.8,-76,204,36592,1.3,0.75,64778,395279,0,0,548,27560,881,7287,-77,13,44.04353,-68.89223,4,0.067,1
"2026-06-04 11:00:00",549,13.74,18.5,45,-75.99,-69,211,36592,1.3,0.75,64778,395999,0,0,549,27560,961,7368,-77,4,44.04358,-68.8923,5,0.067,1
"2026-06-04 12:00:00",550,13.74,18.24,45,-68.96,-40,204,36592,1.3,0.75,64778,396719,0,0,550,27560,1042,7449,-77,13,44.0436,-68.89229,5,0.067,1
"2026-06-04 13:00:00",551,13.74,17.82,46,-40.02,-40,204,36592,1.3,0.75,64778,397439,0,0,551,27560,1115,7522,-81,4,44.04354,-68.89226,4,0.033,1
"2026-06-04 14:00:00",552,13.75,18.43,46,-51.02,-51,204,36592,1.3,0.75,64778,398159,0,0,552,27560,1203,7610,-79,4,44.04354,-68.89226,4,0.033,1
"2026-06-04 15:00:00",553,13.74,18.61,46,-63.99,-56,204,36592,1.3,0.75,64778,398879,0,0,553,27560,1289,7696,-79,4,44.04361,-68.8922,4,0.021,1
"2026-06-04 16:00:00",554,13.75,18.92,45,-55.99,-48,204,36592,1.3,0.75,64778,399599,0,0,554,27560,1366,7772,-81,4,44.04361,-68.89225,5,0.021,1
"2026-06-04 17:00:00",555,13.74,19.35,46,-47.99,-44,211,36592,1.3,0.75,64778,400319,0,0,555,27560,1444,7850,-83,4,44.04361,-68.89225,5,0.014,1
"2026-06-04 18:00:00",556,13.72,19.42,46,-44.01,-44,204,36592,1.3,0.75,64778,401039,0,0,556,27560,1529,7935,-83,4,44.04356,-68.89218,4,0.014,1
"2026-06-04 19:00:00",557,13.68,18.44,45,-51.95,-19,210,36592,1.3,0.75,64778,401759,0,0,557,27560,1617,8023,-81,4,44.04348,-68.89218,4,0.006,1
"2026-06-04 20:00:00",558,13.5,16.35,45,-19,-17,204,36592,1.3,0.75,64778,402479,0,0,558,27560,1701,8107,-81,13,44.04363,-68.8919,4,0.006,1
"2026-06-04 21:00:00",559,13.31,15.48,46,-16.97,7,212,36592,1.3,0.75,64778,403199,0,0,559,27560,1801,8208,-77,13,44.04358,-68.89226,4,-0.025,1
"2026-06-04 22:00:00",560,13.21,15.92,46,7.013,16,204,36592,1.3,0.75,64778,403919,0,0,560,27560,1883,8289,-77,13,44.04351,-68.89223,5,-0.025,1
"2026-06-04 23:00:00",561,13.19,15.08,46,16.02,32,204,36592,1.3,0.75,64778,404639,0,0,561,27560,1965,8371,-79,13,44.04358,-68.89226,5,-0.025,1
"2026-06-05 00:00:00",562,13.21,14.5,46,31.99,32,204,36592,1.3,0.75,64778,405359,0,0,562,27560,0.091,8456,-79,13,44.04359,-68.89227,4,-0.024,1
"2026-06-05 01:00:00",563,13.21,14.01,47,27.98,28,204,36592,1.3,0.75,64778,406079,0,0,563,27560,82.3,8538,-79,13,44.04351,-68.89228,4,-0.024,1
"2026-06-05 02:00:00",564,13.2,13.99,46,13.97,14,204,36592,1.3,0.75,64778,406799,0,0,564,27560,160,8616,-85,4,44.04356,-68.89223,5,-0.024,1
"2026-06-05 03:00:00",565,13.17,13.67,46,-10.87,86,211,36592,1.3,0.75,64778,407519,0,0,565,27560,258.5,8714,-81,4,44.04358,-68.8922,6,-0.028,1
"2026-06-05 04:00:00",566,13.2,13.75,46,85.9,86,204,36592,1.3,0.75,64778,408239,0,0,566,27560,364.7,8820,-83,13,44.04356,-68.89225,4,-0.028,1
"2026-06-05 05:00:00",567,13.18,13.07,46,19.02,33,204,36592,1.3,0.75,64778,408959,0,0,567,27560,472.3,8928,-79,4,44.04354,-68.89221,4,-0.028,1
"2026-06-05 06:00:00",568,13.27,13.89,45,32.93,33,205,36592,1.3,0.75,64778,409679,0,0,568,27560,579,9035,-81,13,44.04354,-68.89225,5,-0.028,1
"2026-06-05 07:00:00",569,13.43,15.46,45,-17.14,-17,212,36592,1.3,0.75,64778,410399,0,0,569,27560,687.4,9143,-77,13,44.04354,-68.89223,8,-0.028,1
"2026-06-05 08:00:00",570,13.53,17.39,46,-119.1,-119,204,36592,1.3,0.75,64778,411119,0,0,570,27560,790.9,9247,-77,4,44.04353,-68.89225,6,-0.028,1
"2026-06-05 09:00:00",571,13.62,20.51,45,-211,-196,211,36592,1.3,0.75,64778,411839,0,0,571,27560,896,9352,-77,4,44.04349,-68.89223,4,-0.017,1
"2026-06-05 10:00:00",572,13.71,20.68,45,-195.8,-25,211,36592,1.3,0.75,64778,412559,0,0,572,27560,995,9451,-81,13,44.04346,-68.89214,4,-0.017,1
"2026-06-05 11:00:00",573,13.68,22.12,45,-25.03,-25,211,36592,1.3,0.75,64778,413279,0,0,573,27560,1098,9554,-81,4,44.04354,-68.89226,4,-0.017,1
"2026-06-05 12:00:00",574,13.64,23.87,44,-50.03,-50,210,36592,1.3,0.75,64778,413999,0,0,574,27560,1199,9655,-77,13,44.04356,-68.89229,4,-0.017,1
"2026-06-05 13:00:00",575,13.62,24.45,43,-67.99,-64,205,36592,1.3,0.75,64778,414719,0,0,575,27560,1306,9762,-77,13,44.04357,-68.89233,6,-0.017,1
"2026-06-05 14:00:00",576,13.63,23.6,44,-64.01,-64,211,36592,1.3,0.75,64778,415439,0,0,576,27560,1404,9860,-77,13,44.04356,-68.89224,4,-0.017,1
"2026-06-05 15:00:00",577,13.66,21.56,44,-74.01,-74,204,36592,1.3,0.75,64778,416159,0,0,577,27560,1501,9957,-75,13,44.04359,-68.89228,4,-0.015,1
"2026-06-05 16:00:00",578,13.66,22.34,43,-81,-78,204,36592,1.3,0.75,64778,416879,0,0,578,27560,1601,10056,-79,13,44.04359,-68.89231,4,-0.015,1
"2026-06-05 17:00:00",579,13.66,21.6,43,-77.99,-73,204,36592,1.3,0.75,64778,417599,0,0,579,27560,1704,10160,-77,13,44.04359,-68.89231,4,-0.015,1
"2026-06-05 18:00:00",580,13.65,21.32,43,-73.01,-73,204,36592,1.3,0.75,64778,418319,0,0,580,27560,1796,10252,-77,13,44.04359,-68.89231,4,-0.015,1
"2026-06-05 19:00:00",581,13.72,19.07,43,-79.96,-54,204,36592,1.3,0.75,64778,419039,0,0,581,27560,1893,10349,-81,13,44.04356,-68.89226,4,-0.015,1
"2026-06-05 20:00:00",582,13.45,16.18,45,-53.91,9,204,36592,1.3,0.75,64778,419759,0,0,582,27560,1997,10453,-77,13,44.04362,-68.89228,4,-0.015,1
"2026-06-05 21:00:00",583,13.28,15.17,45,9,11,204,36592,1.3,0.75,64778,420479,0,0,583,27560,2154,10609,-77,13,44.04356,-68.89226,4,-0.011,1
"2026-06-05 22:00:00",584,13.21,14.64,45,11.01,20,211,36592,1.3,0.75,64778,421199,0,0,584,27560,2278,10733,-77,13,44.04359,-68.8923,4,-0.011,1
"2026-06-05 23:00:00",585,13.19,14.5,45,20.01,27,204,36592,1.3,0.75,64778,421919,0,0,585,27560,2382,10838,-79,13,44.04362,-68.8923,5,-0.009,1
"2026-06-06 00:00:00",586,13.2,14.45,46,26.97,27,204,36592,1.3,0.75,64778,422639,0,0,586,27560,0,10947,-79,13,44.04361,-68.89231,6,-0.009,1
"2026-06-06 01:00:00",587,13.21,13.99,46,6.986,7,204,36592,1.3,0.75,64778,423359,0,0,587,27560,102.4,11049,-79,13,44.04367,-68.89233,4,-0.008,1
"2026-06-06 02:00:00",588,13.19,14.25,46,-2.958,27,204,36592,1.3,0.75,64778,424079,0,0,588,27560,196.7,11144,-81,13,44.04359,-68.8923,4,-0.008,1
"2026-06-06 03:00:00",589,13.19,14.64,47,27,29,204,36592,1.3,0.75,64778,424799,0,0,589,27560,297.4,11244,-91,4,44.04357,-68.8923,4,-0.008,1
"2026-06-06 04:00:00",590,13.2,14.79,47,28.96,29,211,36592,1.3,0.75,64778,425519,0,0,590,27560,389.4,11336,-83,13,44.04361,-68.89223,4,-0.008,1
"2026-06-06 05:00:00",591,13.19,14.57,46,3.026,22,204,36592,1.3,0.75,64778,426239,0,0,591,27560,490,11437,-79,13,44.04354,-68.8923,5,-0.008,1
"2026-06-06 06:00:00",592,13.3,15.2,46,21.87,22,204,36592,1.3,0.75,64778,426959,0,0,592,27560,580.5,11527,-83,13,44.04351,-68.89232,4,-0.008,1
"2026-06-06 07:00:00",593,13.28,15.75,46,-73.93,-22,204,36592,1.3,0.75,64778,427679,0,0,593,27560,669.8,11617,-81,13,44.04358,-68.89223,6,-0.016,1
"2026-06-06 08:00:00",594,13.48,16.69,46,-22.21,-22,211,36592,1.3,0.75,64778,428399,0,0,594,27560,768.7,11716,-79,13,44.04351,-68.8923,4,-0.016,1
"2026-06-06 09:00:00",595,13.48,18.56,46,-171,-144,204,36592,1.3,0.75,64778,429119,0,0,595,27560,855,11802,-77,13,44.04351,-68.89221,4,-0.016,1
"2026-06-06 10:00:00",596,13.74,18.65,46,-143.9,-92,204,36592,1.3,0.75,64778,429839,0,0,596,27560,939,11886,-77,13,44.04352,-68.89233,4,-0.013,1
"2026-06-06 11:00:00",597,13.74,18.65,46,-92,-81,205,36592,1.3,0.75,64778,430559,0,0,597,27560,1020,11967,-77,13,44.04351,-68.89233,5,-0.013,1
"2026-06-06 12:00:00",598,13.74,18.6,46,-81,-72,212,36592,1.3,0.75,64778,431279,0,0,598,27560,1093,12040,-77,13,44.04351,-68.89233,5,-0.013,1
"2026-06-06 13:00:00",599,13.75,18.33,46,-72,-72,205,36592,1.3,0.75,64778,431999,0,0,599,27560,1180,12127,-77,13,44.04356,-68.8923,4,-0.017,1
"2026-06-06 14:00:00",600,13.74,17.27,46,-73,-73,204,36592,1.3,0.75,64778,432719,0,0,600,27560,1257,12204,-77,13,44.04356,-68.89233,5,-0.017,1
"2026-06-06 15:00:00",601,13.74,17.65,45,-75.02,-75,204,36592,1.3,0.75,64778,433439,0,0,601,27560,1333,12280,-77,13,44.04356,-68.89233,5,-0.039,1
"2026-06-06 16:00:00",602,13.73,16.95,45,-88,-79,204,36592,1.3,0.75,64778,434159,0,0,602,27560,1431,12378,-79,13,44.04356,-68.89231,6,-0.047,1
"2026-06-06 17:00:00",603,13.76,16.5,45,-78.98,-65,205,36592,1.3,0.75,64778,434879,0,0,603,27560,1511,12458,-79,13,44.04356,-68.89231,6,-0.047,1
"2026-06-06 18:00:00",604,13.56,15.17,46,-64.94,-19,204,36592,1.3,0.75,64778,435599,0,0,604,27560,1596,12543,-77,13,44.04356,-68.89231,6,-0.067,1
"2026-06-06 19:00:00",605,13.39,14.64,46,-19,-18,205,36592,1.3,0.75,64778,436319,0,0,605,27560,1680,12627,-79,13,44.04356,-68.89227,4,-0.067,1
"2026-06-06 20:00:00",606,13.28,14.5,47,-17.97,4,205,36592,1.3,0.75,64778,437039,0,0,606,27560,1764,12711,-75,13,44.04358,-68.89222,4,-0.078,1
"2026-06-06 21:00:00",607,13.23,14.24,47,3.994,4,211,36592,1.3,0.75,64778,437759,0,0,607,27560,1839,12786,-81,13,44.04354,-68.89225,4,-0.078,1
"2026-06-06 22:00:00",608,13.19,14.24,47,0.039,28,204,36592,1.3,0.75,64778,438479,0,0,608,27560,1922,12869,-79,13,44.04356,-68.8923,6,-0.078,1
"2026-06-06 23:00:00",609,13.2,14.15,47,27.98,28,204,36592,1.3,0.75,64778,439199,0,0,609,27560,2003,12950,-83,13,44.04356,-68.89226,4,-0.078,1
"2026-06-07 00:00:00",610,13.13,14.18,47,16.03,37,204,36592,1.3,0.75,64778,439919,0,0,610,27560,0,13024,-83,13,44.04354,-68.89234,4,-0.107,1
"2026-06-07 01:00:00",611,13.22,13.44,47,36.93,37,204,36592,1.3,0.75,64778,440639,0,0,611,27560,83.7,13108,-83,13,44.04354,-68.89234,4,-0.107,1
"2026-06-07 02:00:00",612,13.2,13.48,47,-9.99,-4,205,36592,1.3,0.75,64778,441359,0,0,612,27560,173.5,13198,-81,13,44.04354,-68.89239,6,-0.124,1
"2026-06-07 03:00:00",613,13.2,13.84,46,-3.964,22,211,36592,1.3,0.75,64778,442079,0,0,613,27560,259.2,13284,-81,13,44.04356,-68.8923,4,-0.124,1
"2026-06-07 04:00:00",614,13.18,13.43,46,22,22,204,36592,1.3,0.75,64778,442799,0,0,614,27560,345.6,13370,-87,4,44.04356,-68.89229,4,-0.148,1
"2026-06-07 05:00:00",615,13.21,13.52,46,19.01,27,204,36592,1.3,0.75,64778,443519,0,0,615,27560,426.1,13451,-81,13,44.04353,-68.89232,4,-0.148,1
"2026-06-07 06:00:00",616,13.38,14.31,46,26.82,27,204,36592,1.3,0.75,64778,444239,0,0,616,27560,505.3,13530,-83,4,44.04359,-68.89223,6,-0.148,1
"2026-06-07 07:00:00",617,13.38,18.09,42,-104.7,110,204,36592,1.3,0.75,64778,444959,0,0,617,27560,582.5,13607,-89,4,44.04354,-68.89225,4,-0.148,1
"2026-06-07 08:00:00",618,13.36,15.89,45,109.8,110,204,36592,1.3,0.75,64778,445679,0,0,618,27560,659.8,13684,-87,4,44.04354,-68.89223,6,-0.147,1
"2026-06-07 09:00:00",619,13.4,15.86,45,-48.04,-48,205,36592,1.3,0.75,64778,446399,0,0,619,27560,734.8,13759,-81,13,44.04358,-68.8922,4,-0.146,1
"2026-06-07 10:00:00",620,13.43,16.35,45,-74.02,-74,204,36592,1.3,0.75,64778,447119,0,0,620,27560,821,13845,-85,13,44.0435,-68.89221,4,-0.139,1
"2026-06-07 11:00:00",621,13.78,19.86,44,-90.1,-90,204,36592,1.3,0.75,64778,447839,0,0,621,27560,897,13922,-81,13,44.04357,-68.89225,4,-0.139,1
"2026-06-07 12:00:00",622,13.7,18.66,45,-176.8,-40,212,36592,1.3,0.75,64778,448559,0,0,622,27560,974,13999,-79,13,44.04356,-68.89225,4,-0.13,1
"2026-06-07 13:00:00",623,13.8,17.22,46,-40.07,-40,204,36592,1.3,0.75,64778,449279,0,0,623,27560,1050,14075,-77,13,44.04356,-68.89229,5,-0.128,1
"2026-06-07 14:00:00",624,13.77,18.43,45,-87.9,-49,204,36592,1.3,0.75,64778,449999,0,0,624,27560,1126,14150,-81,13,44.04356,-68.89235,4,-0.12,1
"2026-06-07 15:00:00",625,13.71,20.77,45,-48.99,-43,205,36592,1.3,0.75,64778,450719,0,0,625,27560,1207,14231,-83,13,44.04356,-68.89231,4,-0.115,1
"2026-06-07 16:00:00",626,13.71,19.11,46,-43.02,-43,205,36592,1.3,0.75,64778,451439,0,0,626,27560,1304,14328,-81,13,44.04354,-68.89223,4,-0.106,1
"2026-06-07 17:00:00",627,13.62,18.1,46,-53.89,26,204,36592,1.3,0.75,64778,452159,0,0,627,27560,1383,14408,-85,4,44.04351,-68.89227,4,-0.099,1
"2026-06-07 18:00:00",628,13.44,15.85,46,25.93,26,212,36592,1.3,0.75,64778,452879,0,0,628,27560,1466,14490,-83,4,44.04351,-68.89227,4,-0.082,1
"2026-06-07 19:00:00",629,13.39,15.81,46,-20.97,2,211,36592,1.3,0.75,64778,453599,0,0,629,27560,1548,14573,-85,4,44.04351,-68.89227,4,-0.082,1
"2026-06-07 20:00:00",630,13.31,15.39,47,1.99,2,204,36592,1.3,0.75,64778,454319,0,0,630,27560,1623,14647,-85,4,44.04351,-68.89227,4,-0.082,1
"2026-06-07 21:00:00",631,13.23,14.86,48,-4.96,24,204,36592,1.3,0.75,64778,455039,0,0,631,27560,1704,14729,-83,4,44.04336,-68.8923,4,-0.108,1
"2026-06-07 22:00:00",632,13.22,14.56,48,24,27,204,36592,1.3,0.75,64778,455759,0,0,632,27560,1783,14808,-83,13,44.04354,-68.8923,4,-0.108,1
"2026-06-07 23:00:00",633,13.21,13.54,48,27,27,204,36592,1.3,0.75,64778,456479,0,0,633,27560,1861,14886,-79,13,44.0435,-68.89225,4,-0.125,1
"2026-06-08 00:00:00",634,13.21,13.35,49,25.99,26,204,36592,1.3,0.75,64778,457199,0,0,634,27560,0,14962,-81,4,44.0435,-68.89228,4,-0.125,1
"2026-06-08 01:00:00",635,13.21,13.73,49,15.98,16,204,36592,1.3,0.75,64778,457919,0,0,635,27560,78.07,15040,-87,4,44.0435,-68.89231,4,-0.167,1
"2026-06-08 02:00:00",636,13.19,13.07,49,-1.979,13,205,36592,1.3,0.75,64778,458639,0,0,636,27560,155.7,15118,-91,4,44.04357,-68.8923,5,-0.167,1
"2026-06-08 03:00:00",637,13.2,12.64,49,13.02,30,204,36592,1.3,0.75,64778,459359,0,0,637,27560,242.7,15205,-81,13,"NAN","NAN",4,-0.169,1
"2026-06-08 04:00:00",638,13.16,12.35,49,30.06,75,204,36592,1.3,0.75,64778,460079,0,0,638,27560,324.2,15286,-83,4,44.04354,-68.89226,5,-0.169,1
"2026-06-08 05:00:00",639,13.21,12.36,49,74.93,75,205,36592,1.3,0.75,64778,460799,0,0,639,27560,407.8,15370,-79,4,44.04354,-68.89227,5,-0.197,1
"2026-06-08 06:00:00",640,13.5,14.95,48,21.78,22,204,36592,1.3,0.75,64778,461519,0,0,640,27560,494.9,15457,-83,13,44.04352,-68.89226,5,-0.197,1
"2026-06-08 07:00:00",641,13.47,19.68,45,-136,-113,204,36592,1.3,0.75,64778,462239,0,0,641,27560,577.6,15540,-83,4,44.04348,-68.89226,6,-0.197,1
"2026-06-08 08:00:00",642,13.61,20.86,43,-113.1,-113,204,36592,1.3,0.75,64778,462959,0,0,642,27560,659.3,15622,-79,4,44.04348,-68.8922,5,-0.141,1
"2026-06-08 09:00:00",643,13.64,21.93,45,-196.8,-19,204,36592,1.3,0.75,64778,463679,0,0,643,27560,735.4,15698,-97,13,"NAN","NAN",4,-0.018,1
"2026-06-08 10:00:00",644,13.63,23.06,46,-19.05,-19,211,36592,1.3,0.75,64778,464399,0,0,644,27560,819,15781,-77,4,44.04346,-68.89226,4,0.027,1
"2026-06-08 11:00:00",645,13.66,21.35,47,-56.02,-56,211,36592,1.3,0.75,64778,465119,0,0,645,27560,901,15863,-79,13,44.04354,-68.89233,4,0.07,1
"2026-06-08 12:00:00",646,13.67,20.39,47,-69,-69,211,36592,1.3,0.75,64778,465839,0,0,646,27560,1015,15977,-77,13,44.04354,-68.89226,4,0.115,1
"2026-06-08 13:00:00",647,13.69,20,46,-71.99,-67,211,36592,1.3,0.75,64778,466559,0,0,647,27560,1096,16058,-75,13,"NAN","NAN",4,0.115,1
"2026-06-08 14:00:00",648,13.69,19.77,46,-67.01,-67,204,36592,1.3,0.75,64778,467279,0,0,648,27560,1174,16136,-81,4,44.04353,-68.89232,5,0.115,1
"2026-06-08 15:00:00",649,13.71,19.34,47,-72.97,-48,205,36592,1.3,0.75,64778,467999,0,0,649,27560,1254,16217,-79,4,44.04356,-68.89229,4,0.115,1
"2026-06-08 16:00:00",650,13.71,19.18,47,-47.99,-44,204,36592,1.3,0.75,64778,468719,0,0,650,27560,1336,16299,-81,4,44.04356,-68.89229,4,0.115,1
"2026-06-08 17:00:00",651,13.74,18.86,48,-44.02,-44,204,36592,1.3,0.75,64778,469439,0,0,651,27560,1413,16375,-77,13,44.04356,-68.89224,4,0.03,1
"2026-06-08 18:00:00",652,13.74,18.61,48,-56.95,-21,204,36592,1.3,0.75,64778,470159,0,0,652,27560,1492,16455,-85,4,44.0436,-68.89218,4,0.03,1
"2026-06-08 19:00:00",653,13.74,18.4,49,-21.03,-21,204,36592,1.3,0.75,64778,470879,0,0,653,27560,1574,16537,-75,4,44.04354,-68.89221,5,0.018,1
"2026-06-08 20:00:00",654,13.74,17.09,49,-39.01,-39,211,36592,1.3,0.75,64778,471599,0,0,654,27560,1660,16622,-81,4,44.04356,-68.8922,4,0.018,1
"2026-06-08 21:00:00",655,13.42,14.36,49,-46.93,7,205,36592,1.3,0.75,64778,472319,0,0,655,27560,1746,16708,-77,4,44.04351,-68.89223,4,0.018,1
"2026-06-08 22:00:00",656,13.28,14.6,49,6.988,7,205,36592,1.3,0.75,64778,473039,0,0,656,27560,1832,16794,-79,4,44.04351,-68.89229,5,0.018,1
"2026-06-08 23:00:00",657,13.2,14.21,50,-1.96,27,205,36592,1.3,0.75,64778,473759,0,0,657,27560,1923,16885,-79,4,44.04354,-68.89222,5,-0.123,1
"2026-06-09 00:00:00",658,13.22,13.91,49,26.95,27,204,36592,1.3,0.75,64778,474479,0,0,658,27560,0,16969,-77,4,44.04348,-68.89236,4,-0.123,1
"2026-06-09 01:00:00",659,13.2,13.89,50,-7.958,22,204,36592,1.3,0.75,64778,475199,0,0,659,27560,86.1,17056,-87,4,44.04352,-68.89227,4,-0.139,1
"2026-06-09 02:00:00",660,13.18,14.2,49,21.99,22,204,36592,1.3,0.75,64778,475919,0,0,660,27560,167.2,17137,-79,13,44.04356,-68.89227,5,-0.139,1
"2026-06-09 03:00:00",661,13.21,13.98,49,16.97,17,204,36592,1.3,0.75,64778,476639,0,0,661,27560,249.5,17219,-79,13,44.04356,-68.89243,4,-0.153,1
"2026-06-09 04:00:00",662,13.21,13.46,50,-4.988,4,208,36592,1.3,0.75,64778,477359,0,0,662,27560,329.1,17299,-81,4,44.04356,-68.89223,4,-0.153,1
"2026-06-09 05:00:00",663,13.21,13.76,50,4.021,19,204,36592,1.3,0.75,64778,478079,0,0,663,27560,408.1,17378,-81,4,44.04354,-68.89225,5,-0.153,1
"2026-06-09 06:00:00",664,13.45,17.17,49,18.75,19,205,36592,1.3,0.75,64778,478799,0,0,664,27560,489.5,17459,-83,4,44.04349,-68.89226,4,-0.153,1
"2026-06-09 07:00:00",665,13.47,18.5,48,-157.9,-94,204,36592,1.3,0.75,64778,479519,0,0,665,27560,564.5,17534,-79,13,44.04353,-68.89225,5,-0.153,1
"2026-06-09 08:00:00",666,13.89,19.62,46,-94.2,-94,204,36592,1.3,0.75,64778,480239,0,0,666,27560,644.6,17614,-85,4,44.04351,-68.89222,5,-0.075,1
"2026-06-09 09:00:00",667,13.72,20.36,47,-201.8,-43,205,36592,1.3,0.75,64778,480959,0,0,667,27560,723.5,17693,-81,4,44.04352,-68.8922,5,-0.025,1
"2026-06-09 10:00:00",668,13.69,22.04,47,-43.01,-43,204,36592,1.3,0.75,64778,481679,0,0,668,27560,803,17772,-75,4,44.04352,-68.89223,4,0.009,1
"2026-06-09 11:00:00",669,13.67,22.77,48,-50.92,9,204,36592,1.3,0.75,64778,482399,0,0,669,27560,850,17819,0,4,44.04354,-68.89223,5,0.046,1
