"TOA5","Wynken","CR300","36592","CR300-CELL210.Std.11.02","CPU:wynken.250927.dld","56172","Ai1"
"TIMESTAMP","RECORD","BatteryVoltage","InternalTemperature","InternalHumidity","CurrentAverage","CurrentMaximum","ProcessingTime","SerialNumber","DataloggerOSVersion","Ai1OSVersion","ProgramSignature","ProgramCounter","StartUpCode","WatchdogErrors","SkippedScans","MemoryFree","CellUsageToday","CellUsageThisMonth","CellRSSI","CellNetBand","Latitude","Longitude","GPSSatellitesInView","Pressure_mH2O","ReadAttempts_Max"
"TS","RN","Volts","°C","%","mA (-=Charge, +=Discharge)","mA (-=Charge, +=Discharge)","µS","","","","(0-65535)","Cycles","(0=Ok, -1=Power, -2=Watchdog)","Errors Since Compile","Scans Skipped","Bytes","kB","kB","dBm","","Decimal Degrees (N=+,S=-)","Decimal Degrees (E=+,W=-)","GPS Satellites visible","mH2O",""
"","","Smp","Smp","Smp","Avg:mA","Max:mA","Smp","Smp","Smp","Smp","Smp:0-65535)","Smp","Smp:0=Ok","Smp:Watchdog Errors Since Compile","Smp:Scans Skipped","Smp:Bytes","Smp:kB","Smp:kB","Smp:dBm","Smp:band","Smp","Smp","Smp","Smp","Max"
"2025-09-27 12:00:00",0,0,23.2,35,-314.7,0,204,36592,11.02,0.75,56172,10,0,0,0,29480,36.65,28727,0,0,44.31818,-68.92741,0,-0.938,0
"2025-09-27 13:00:00",1,12.8,22.55,63,0.058,41,203,36592,11.02,0.75,56172,704,-1,0,0,29480,43.8,28734,0,4,44.31818,-68.92741,0,-13.01,0
"2025-09-27 14:00:00",2,12.83,24.45,62,40.93,41,203,36592,11.02,0.75,56172,1424,-1,0,1,29480,69.95,28760,-85,4,44.31818,-68.92741,0,-13.01,1
"2025-09-27 15:00:00",3,12.8,23.71,61,-11.97,9,204,36592,11.02,0.75,56172,2144,-1,0,2,29480,147.9,28838,-73,13,44.03731,-68.88816,5,-13.01,1
"2025-09-27 16:00:00",4,13.04,22.13,60,8.78,9,211,36592,11.02,0.75,56172,2864,-1,0,3,29480,204.1,28894,-89,4,44.03731,-68.88816,5,-0.02,1
"2025-09-27 17:00:00",5,13.07,21.03,59,-145.9,-61,210,36592,11.02,0.75,56172,3584,-1,0,4,29480,246.4,28936,-79,13,44.04333,-68.89222,4,-0.02,1
"2025-09-27 18:00:00",6,13.02,19.45,61,-60.86,37,204,36592,11.02,0.75,56172,4304,-1,0,5,29480,305.5,28995,-75,13,44.04332,-68.89219,5,-0.02,1
"2025-09-27 19:00:00",7,12.95,17.6,62,37,40,204,36592,11.02,0.75,56172,5024,-1,0,6,29480,372.2,29062,-75,13,44.04335,-68.8922,4,-0.025,1
"2025-09-27 20:00:00",8,12.91,17.01,63,39.97,40,211,36592,11.02,0.75,56172,5744,-1,0,7,29480,436,29126,-79,13,44.04346,-68.89172,4,-0.025,1
"2025-09-27 21:00:00",9,12.86,16.93,62,16.04,42,204,36592,11.02,0.75,56172,6464,-1,0,8,29480,494.9,29185,-79,13,44.04335,-68.89227,5,-0.025,1
"2025-09-27 22:00:00",10,12.84,16.75,63,41.97,42,211,36592,11.02,0.75,56172,7184,-1,0,9,29480,548.6,29239,-51,13,44.04333,-68.89226,5,-0.019,1
"2025-09-27 23:00:00",11,12.82,16.67,64,17.97,18,211,36592,11.02,0.75,56172,7904,-1,0,10,29480,548.6,29239,0,13,44.04333,-68.89228,5,-0.016,1
"2025-09-28 00:00:00",12,12.77,16.34,65,-0.938,44,204,36592,11.02,0.75,56172,8624,-1,0,11,29480,548.6,29239,0,13,44.04335,-68.89231,5,-0.016,1
"2025-09-28 01:00:00",13,12.79,16.48,66,43.94,44,203,36592,11.02,0.75,56172,9344,-1,0,12,29480,548.6,29239,0,13,44.04327,-68.8923,4,-0.013,1
"2025-09-28 02:00:00",14,12.79,16.44,66,0.003,2,203,36592,11.02,0.75,56172,10064,-1,0,12,29480,548.6,29239,0,13,44.04339,-68.8923,5,-0.009,1
"2025-09-28 03:00:00",15,12.77,16.4,67,2.025,20,203,36592,11.02,0.75,56172,10784,-1,0,13,29480,548.6,29239,0,13,44.04336,-68.89227,5,-0.007,1
"2025-09-28 04:00:00",16,12.76,15.8,67,19.98,20,203,36592,11.02,0.75,56172,11504,-1,0,14,29480,548.6,29239,0,13,44.04337,-68.89223,6,-0.007,1
"2025-09-28 05:00:00",17,12.74,15.82,67,7.035,32,204,36592,11.02,0.75,56172,12224,-1,0,15,29480,548.6,29239,0,13,44.04336,-68.89217,4,-0.007,1
"2025-09-28 06:00:00",18,12.74,15.55,67,31.98,32,204,36592,11.02,0.75,56172,12944,-1,0,15,29480,548.6,29239,0,13,44.04334,-68.89223,5,-0.007,1
"2025-09-28 07:00:00",19,12.72,16.55,66,19.99,20,204,36592,11.02,0.75,56172,13664,-1,0,16,29480,548.6,29239,0,13,44.04331,-68.89219,6,-0.014,1
"2025-09-28 08:00:00",20,12.77,17.94,63,12.98,13,204,36592,11.02,0.75,56172,14384,-1,0,16,29480,19.93,29258,-93,4,44.04335,-68.89219,4,-0.014,1
"2025-09-28 09:00:00",21,13.01,19.23,62,-3.217,-3,204,36592,11.02,0.75,56172,15104,-1,0,17,29480,83.9,29322,-77,13,44.04338,-68.89218,6,-0.014,1
"2025-09-28 10:00:00",22,13.22,20.6,61,-159.2,-159,203,36592,11.02,0.75,56172,15824,-1,0,18,29480,153.4,29392,-77,13,44.04343,-68.89231,4,-0.007,1
"2025-09-28 11:00:00",23,13.24,21.13,61,-267.9,-195,204,36592,11.02,0.75,56172,16544,-1,0,19,29480,267.2,29506,-75,13,44.04336,-68.89225,4,-0.006,1
"2025-09-28 12:00:00",24,13.3,21.6,60,-195,-195,204,36592,11.02,0.75,56172,17264,-1,0,20,29480,338.2,29577,-77,13,44.04337,-68.89228,4,-0.005,1
"2025-09-28 13:00:00",25,13.34,21.85,60,-204,-204,204,36592,11.02,0.75,56172,17984,-1,0,21,29480,409.2,29648,-75,4,44.04329,-68.89222,4,-0.005,1
"2025-09-28 14:00:00",26,13.38,22.42,59,-208,-208,211,36592,11.02,0.75,56172,18704,-1,0,22,29480,473.7,29712,-81,13,44.04336,-68.89221,5,-0.005,1
"2025-09-28 15:00:00",27,13.38,22.1,59,-224,-203,210,36592,11.02,0.75,56172,19424,-1,0,23,29480,527.4,29766,-77,13,44.04336,-68.89223,5,-0.013,1
"2025-09-28 16:00:00",28,13.41,22.26,59,-203.1,-203,203,36592,11.02,0.75,56172,20144,-1,0,24,29480,589.1,29828,-75,13,44.04335,-68.89221,4,-0.013,1
"2025-09-28 17:00:00",29,13.36,21.9,59,-251.9,-163,204,36592,11.02,0.75,56172,20864,-1,0,25,29480,648.6,29888,-79,13,44.04333,-68.89218,5,-0.019,1
"2025-09-28 18:00:00",30,13.22,20.35,61,-162.8,-4,211,36592,11.02,0.75,56172,21584,-1,0,26,29480,712.7,29953,-77,13,44.04333,-68.89225,4,-0.019,1
"2025-09-28 19:00:00",31,13.11,18.93,62,-3.888,77,203,36592,11.02,0.75,56172,22304,-1,0,27,29480,779.6,30021,-83,13,44.04333,-68.89214,4,-0.019,1
"2025-09-28 20:00:00",32,13.12,18.73,62,76.96,77,203,36592,11.02,0.75,56172,23024,-1,0,28,29480,845,30087,-79,13,44.04335,-68.8922,4,-0.019,1
"2025-09-28 21:00:00",33,13.1,17.76,63,44.97,45,204,36592,11.02,0.75,56172,23744,-1,0,29,29480,905,30147,-77,13,44.04331,-68.89214,4,-0.013,1
"2025-09-28 22:00:00",34,13.1,17.77,63,20.02,36,203,36592,11.02,0.75,56172,24464,-1,0,30,29480,969,30212,-75,13,44.0433,-68.89227,4,-0.011,1
"2025-09-28 23:00:00",35,13.09,19.98,63,35.99,36,203,36592,11.02,0.75,56172,25184,-1,0,31,29480,1038,30281,-79,13,44.04326,-68.8923,4,0,1
"2025-09-29 00:00:00",36,13.1,19.74,64,29.98,30,203,36592,11.02,0.75,56172,25904,-1,0,32,29480,0,30346,-97,13,44.04329,-68.89226,4,0.002,1
"2025-09-29 01:00:00",37,13.09,20.14,64,16.01,22,204,36592,11.02,0.75,56172,26624,-1,0,33,29480,62.83,30410,-81,13,44.04331,-68.89237,4,0.015,1
"2025-09-29 02:00:00",38,13.09,19.63,63,21.98,22,203,36592,11.02,0.75,56172,27344,-1,0,34,29480,126,30474,-79,13,44.04333,-68.89231,4,0.019,1
"2025-09-29 03:00:00",39,13.08,18.69,64,4.053,42,204,36592,11.02,0.75,56172,28064,-1,0,35,29480,189.5,30538,-83,13,"NAN","NAN",4,0.023,1
"2025-09-29 04:00:00",40,13.08,18.34,63,41.99,42,203,36592,11.02,0.75,56172,28784,-1,0,36,29480,255.5,30604,-75,13,44.04333,-68.89226,7,0.029,1
"2025-09-29 05:00:00",41,13.07,17.61,63,37.02,51,204,36592,11.02,0.75,56172,29504,-1,0,37,29480,317.3,30667,-91,4,44.04332,-68.89222,6,0.034,1
"2025-09-29 06:00:00",42,13.05,16.93,64,51.04,81,204,36592,11.02,0.75,56172,30224,-1,0,38,29480,386.1,30736,-89,4,"NAN","NAN",4,0.037,1
"2025-09-29 07:00:00",43,13.16,17.23,63,80.8,81,204,36592,11.02,0.75,56172,30944,-1,0,39,29480,446.4,30796,0,13,44.04326,-68.89221,6,0.045,1
"2025-09-29 08:00:00",44,13.28,21.79,62,-43.09,-43,204,36592,11.02,0.75,56172,31664,-1,0,40,29480,510.4,30861,-77,13,44.0433,-68.8922,6,0.045,1
"2025-09-29 09:00:00",45,13.28,22.22,63,-109.9,-73,204,36592,11.02,0.75,56172,32384,-1,0,41,29480,567.2,30918,-51,4,"NAN","NAN",4,0.056,1
"2025-09-29 10:00:00",46,13.4,24.12,61,-73.23,-73,210,36592,11.02,0.75,56172,33104,-1,0,42,29480,632.2,30983,-77,13,44.04326,-68.89227,4,0.06,1
"2025-09-29 11:00:00",47,13.33,23.49,60,-241.9,-152,204,36592,11.02,0.75,56172,33824,-1,0,43,29480,695,31046,-79,13,44.0433,-68.89228,4,0.064,1
"2025-09-29 12:00:00",48,13.36,23.3,61,-152.1,-152,203,36592,11.02,0.75,56172,34544,-1,0,44,29480,749.8,31101,-75,13,44.04336,-68.89233,4,0.067,1
"2025-09-29 13:00:00",49,13.37,23.08,60,-198,-198,203,36592,11.02,0.75,56172,35264,-1,0,45,29480,820,31171,-77,13,44.04341,-68.8923,5,0.067,1
"2025-09-29 14:00:00",50,13.42,22.87,59,-209,-209,204,36592,11.02,0.75,56172,35984,-1,0,46,29480,886,31237,-71,13,44.04338,-68.89225,4,0.067,1
"2025-09-29 15:00:00",51,13.45,22.91,58,-244,-221,203,36592,11.02,0.75,56172,36704,-1,0,47,29480,949,31301,-77,13,44.04337,-68.89224,6,0.056,1
"2025-09-29 16:00:00",52,13.49,22.78,58,-221,-221,203,36592,11.02,0.75,56172,37424,-1,0,48,29480,1010,31362,-79,13,44.04333,-68.89224,4,0.056,1
"2025-09-29 17:00:00",53,13.36,21.77,59,-222.7,-21,204,36592,11.02,0.75,56172,38144,-1,0,49,29480,1078,31430,-51,13,44.04335,-68.89218,4,0.042,1
"2025-09-29 18:00:00",54,13.26,19.72,61,-20.9,52,204,36592,11.02,0.75,56172,38864,-1,0,50,29480,1145,31496,-77,13,44.04332,-68.8922,4,0.042,1
"2025-09-29 19:00:00",55,13.18,18.83,62,51.99,52,204,36592,11.02,0.75,56172,39584,-1,0,51,29480,1214,31566,-79,13,44.04333,-68.89214,6,0.033,1
"2025-09-29 20:00:00",56,13.13,18.15,63,43.98,44,204,36592,11.02,0.75,56172,40304,-1,0,52,29480,1281,31633,-51,13,44.0433,-68.89213,4,0.033,5
"2025-09-29 21:00:00",57,13.11,17.94,63,33.04,61,204,36592,11.02,0.75,56172,41024,-1,0,53,29480,1348,31701,-77,13,44.04336,-68.89211,4,0.033,5
"2025-09-29 22:00:00",58,13.1,17.93,63,60.95,61,203,36592,11.02,0.75,56172,41744,-1,0,54,29480,1416,31769,0,13,44.04341,-68.89207,4,0.022,1
"2025-09-29 23:00:00",59,13.1,17.54,63,23.96,24,204,36592,11.02,0.75,56172,42464,-1,0,55,29480,1482,31835,-77,13,44.04334,-68.89213,4,0.022,1
"2025-09-30 00:00:00",60,13.09,17.03,63,-5.982,7,203,36592,11.02,0.75,56172,43184,-1,0,56,29480,0,31897,-87,4,44.04339,-68.89221,6,0.022,1
"2025-09-30 01:00:00",61,13.08,17.12,63,6.992,7,204,36592,11.02,0.75,56172,43904,-1,0,57,29480,31.87,31929,-91,4,44.0433,-68.89227,4,0.022,1
"2025-09-30 02:00:00",62,13.07,16.98,64,1.019,15,204,36592,11.02,0.75,56172,44624,-1,0,58,29480,104.6,32003,-81,4,44.04358,-68.89235,4,0.021,1
"2025-09-30 03:00:00",63,13.06,17.17,63,15.02,32,210,36592,11.02,0.75,56172,45344,-1,0,59,29480,168,32066,-77,13,44.04334,-68.89224,5,0.021,1
"2025-09-30 04:00:00",64,13.07,16.94,63,32,32,203,36592,11.02,0.75,56172,46064,-1,0,60,29480,237.1,32136,-75,13,44.04337,-68.89226,5,0.02,1
"2025-09-30 05:00:00",65,13.07,16.86,63,31.99,32,203,36592,11.02,0.75,56172,46784,-1,0,61,29480,298.8,32199,-77,13,44.04332,-68.8922,4,0.02,1
"2025-09-30 06:00:00",66,13.04,17.12,63,25.09,87,204,36592,11.02,0.75,56172,47504,-1,0,62,29480,357.3,32258,-75,13,44.04338,-68.89218,5,0.02,1
"2025-09-30 07:00:00",67,13.08,17.17,63,86.9,87,203,36592,11.02,0.75,56172,48224,-1,0,63,29480,410.8,32311,-79,13,44.04333,-68.89217,4,0.02,1
"2025-09-30 08:00:00",68,13.31,20.32,61,44.77,45,204,36592,11.02,0.75,56172,48944,-1,0,64,29480,459.7,32361,-83,13,44.04329,-68.89226,6,0.028,1
"2025-09-30 09:00:00",69,13.41,23.42,60,-118.1,-118,210,36592,11.02,0.75,56172,49664,-1,0,65,29480,522.3,32424,-77,13,44.04327,-68.89222,5,0.037,1
"2025-09-30 10:00:00",70,13.4,22.11,61,-172.9,-101,211,36592,11.02,0.75,56172,50384,-1,0,66,29480,593.4,32495,-75,13,44.04329,-68.8922,4,0.049,1
"2025-09-30 11:00:00",71,13.42,23.36,60,-101,-98,211,36592,11.02,0.75,56172,51104,-1,0,67,29480,659.4,32561,-77,13,44.04328,-68.89225,6,0.049,1
"2025-09-30 12:00:00",72,13.46,25.61,59,-98,-98,211,36592,11.02,0.75,56172,51824,-1,0,68,29480,742.3,32645,-77,13,44.04329,-68.89228,6,0.052,1
"2025-09-30 13:00:00",73,13.42,26.11,60,-107,-86,211,36592,11.02,0.75,56172,52544,-1,0,69,29480,814,32716,-79,13,44.04329,-68.8922,5,0.054,1
"2025-09-30 14:00:00",74,13.41,25.68,60,-86,-83,204,36592,11.02,0.75,56172,53264,-1,0,70,29480,873,32776,-81,13,44.04333,-68.89232,5,0.054,1
"2025-09-30 15:00:00",75,13.44,23.81,60,-83,-83,211,36592,11.02,0.75,56172,53984,-1,0,71,29480,933,32837,-79,13,44.04338,-68.89233,5,0.054,1
"2025-09-30 16:00:00",76,13.55,23.01,59,-92.2,-92,211,36592,11.02,0.75,56172,54704,-1,0,72,29480,999,32903,-75,13,44.04337,-68.89227,6,0.043,1
"2025-09-30 17:00:00",77,13.52,22.37,60,-231.9,-186,211,36592,11.02,0.75,56172,55424,-1,0,73,29480,1063,32968,-75,13,44.04335,-68.89223,4,0.043,1
"2025-09-30 18:00:00",78,13.41,21.99,60,-185.8,-27,211,36592,11.02,0.75,56172,56144,-1,0,74,29480,1130,33035,-73,13,44.04333,-68.8922,5,0.034,1
"2025-09-30 19:00:00",79,13.3,19.09,62,-26.93,27,204,36592,11.02,0.75,56172,56864,-1,0,75,29480,1188,33093,-79,13,44.04338,-68.89216,6,0.034,1
"2025-09-30 20:00:00",80,13.27,18.06,63,27.03,48,204,36592,11.02,0.75,56172,57584,-1,0,76,29480,1259,33164,-77,13,44.04329,-68.89219,4,0.034,1
"2025-09-30 21:00:00",81,13.25,17.26,63,48.01,52,211,36592,11.02,0.75,56172,58304,-1,0,77,29480,1332,33238,-77,13,44.04331,-68.89217,4,0.038,1
"2025-09-30 22:00:00",82,13.25,16.76,63,51.97,52,204,36592,11.02,0.75,56172,59024,-1,0,78,29480,1398,33304,-93,13,44.04329,-68.89216,4,0.049,1
"2025-09-30 23:00:00",83,13.25,16.21,63,31.98,32,204,36592,11.02,0.75,56172,59744,-1,0,79,29480,1466,33372,-73,13,44.04328,-68.89245,4,0.05,1
"2025-10-01 00:00:00",84,13.24,15.22,63,14.99,15,204,36592,11.02,0.75,56172,60464,-1,0,80,29480,0.013,0,-77,13,"NAN","NAN",4,0.057,1
"2025-10-01 01:00:00",85,13.23,14.61,63,8.02,24,203,36592,11.02,0.75,56172,61184,-1,0,81,29480,68.69,68,-79,13,44.04322,-68.89229,4,0.058,1
"2025-10-01 02:00:00",86,13.23,14.4,63,23.98,24,204,36592,11.02,0.75,56172,61904,-1,0,82,29480,136.3,136,-77,13,44.04325,-68.89229,4,0.061,1
"2025-10-01 03:00:00",87,13.19,14.19,63,12.04,38,204,36592,11.02,0.75,56172,62624,-1,0,83,29480,203.2,203,-85,4,44.0433,-68.89232,4,0.061,1
"2025-10-01 04:00:00",88,13.22,13.93,63,37.94,38,204,36592,11.02,0.75,56172,63344,-1,0,84,29480,274.3,274,-51,13,44.0433,-68.89224,5,0.061,1
"2025-10-01 05:00:00",89,13.19,13.73,63,-1.919,56,204,36592,11.02,0.75,56172,64064,-1,0,85,29480,342,341,-89,4,44.04332,-68.8923,7,0.061,1
"2025-10-01 06:00:00",90,13.22,13.72,63,55.93,56,211,36592,11.02,0.75,56172,64784,-1,0,86,29480,414.1,414,-79,13,44.04331,-68.8923,4,0.061,1
"2025-10-01 07:00:00",91,13.34,13.87,62,2.918,3,203,36592,11.02,0.75,56172,65504,-1,0,87,29480,479.1,479,-77,13,44.04333,-68.89222,4,0.062,1
"2025-10-01 08:00:00",92,13.64,15.68,61,-56.24,-56,210,36592,11.02,0.75,56172,66224,-1,0,88,29480,540,540,-73,13,44.04328,-68.89216,4,0.062,1
"2025-10-01 09:00:00",93,13.55,16.61,60,-225.8,-94,203,36592,11.02,0.75,56172,66944,-1,0,89,29480,601.6,601,-73,13,"NAN","NAN",4,0.063,1
"2025-10-01 10:00:00",94,13.54,16.77,60,-94.1,-94,204,36592,11.02,0.75,56172,67664,-1,0,90,29480,662.9,662,-79,13,44.04329,-68.89231,4,0.067,1
"2025-10-01 11:00:00",95,13.51,18.1,59,-147,-115,204,36592,11.02,0.75,56172,68384,-1,0,91,29480,721.2,721,-77,13,44.04329,-68.89231,4,0.067,1
"2025-10-01 12:00:00",96,13.56,18.41,59,-115.1,-115,204,36592,11.02,0.75,56172,69104,-1,0,92,29480,781.1,781,-75,13,44.04329,-68.89221,4,0.068,1
"2025-10-01 13:00:00",97,13.49,18.75,59,-160.9,-88,204,36592,11.02,0.75,56172,69824,-1,0,93,29480,845,844,-75,13,"NAN","NAN",4,0.076,1
"2025-10-01 14:00:00",98,13.53,19.73,59,-88.1,-88,203,36592,11.02,0.75,56172,70544,-1,0,94,29480,908,908,-77,13,"NAN","NAN",4,0.076,1
"2025-10-01 15:00:00",99,13.63,20.53,59,-131.1,-131,204,36592,11.02,0.75,56172,71264,-1,0,95,29480,971,970,-75,13,44.04326,-68.8923,4,0.076,1
"2025-10-01 16:00:00",100,13.59,20.39,59,-190.9,-88,211,36592,11.02,0.75,56172,71984,-1,0,96,29480,1026,1025,-81,13,44.04326,-68.8923,4,0.076,1
"2025-10-01 17:00:00",101,13.5,18.65,60,-87.8,26,204,36592,11.02,0.75,56172,72704,-1,0,97,29480,1091,1091,-79,13,44.04329,-68.89241,4,0.069,1
"2025-10-01 18:00:00",102,13.42,17.01,62,25.98,26,211,36592,11.02,0.75,56172,73424,-1,0,98,29480,1155,1155,-79,13,44.04328,-68.89219,4,0.069,1
"2025-10-01 19:00:00",103,13.29,15.96,63,14.01,19,204,36592,11.02,0.75,56172,74144,-1,0,99,29480,1220,1220,-77,13,44.04329,-68.8922,4,0.069,1
"2025-10-01 20:00:00",104,13.22,15.31,63,19.06,59,204,36592,11.02,0.75,56172,74864,-1,0,100,29480,1285,1285,-85,4,44.04324,-68.89192,5,0.071,1
"2025-10-01 21:00:00",105,13.23,14.39,63,58.99,59,211,36592,11.02,0.75,56172,75584,-1,0,101,29480,1359,1359,-77,13,44.04325,-68.89223,4,0.082,1
"2025-10-01 22:00:00",106,13.21,14.26,63,49.02,64,204,36592,11.02,0.75,56172,76304,-1,0,102,29480,1428,1428,-91,4,44.04323,-68.8922,5,0.082,1
"2025-10-01 23:00:00",107,13.21,14.02,63,63.97,64,210,36592,11.02,0.75,56172,77024,-1,0,103,29480,1484,1483,-91,4,44.04321,-68.89219,4,0.083,1
"2025-10-02 00:00:00",108,13.22,13.43,63,38.97,39,203,36592,11.02,0.75,56172,77744,-1,0,104,29480,0.061,1550,-79,13,44.04321,-68.89226,4,0.086,1
"2025-10-02 01:00:00",109,13.19,13.23,63,16.06,58,211,36592,11.02,0.75,56172,78464,-1,0,105,29480,64.68,1615,-75,13,44.04319,-68.89223,4,0.093,1
"2025-10-02 02:00:00",110,13.18,12.73,63,57.99,58,203,36592,11.02,0.75,56172,79184,-1,0,106,29480,130.1,1680,-75,13,44.04319,-68.89223,4,0.096,1
"2025-10-02 03:00:00",111,13.21,12.28,64,51.95,52,204,36592,11.02,0.75,56172,79904,-1,0,107,29480,203.5,1753,-83,13,44.04323,-68.89231,4,0.101,1
"2025-10-02 04:00:00",112,13.2,11.85,64,13,13,204,36592,11.02,0.75,56172,80624,-1,0,108,29480,276.6,1827,-73,13,44.0433,-68.89229,4,0.106,1
"2025-10-02 05:00:00",113,13.2,11.87,64,9.99,10,204,36592,11.02,0.75,56172,81344,-1,0,109,29480,350.1,1900,-85,13,44.04332,-68.89232,4,0.106,1
"2025-10-02 06:00:00",114,13.19,11.83,63,1.032,24,204,36592,11.02,0.75,56172,82064,-1,0,110,29480,423.5,1973,-79,13,44.04332,-68.89232,4,0.107,1
"2025-10-02 07:00:00",115,13.33,12.34,63,23.87,24,203,36592,11.02,0.75,56172,82784,-1,0,111,29480,492.5,2042,-87,4,44.04325,-68.89226,4,0.108,1
"2025-10-02 08:00:00",116,13.51,15.89,60,-68.09,-68,210,36592,11.02,0.75,56172,83504,-1,0,112,29480,556.3,2106,-75,13,44.04326,-68.8922,4,0.12,1
"2025-10-02 09:00:00",117,13.65,17.9,60,-131.1,-131,204,36592,11.02,0.75,56172,84224,-1,0,113,29480,610,2160,-91,4,44.04329,-68.89223,5,0.125,1
"2025-10-02 10:00:00",118,13.81,17.67,62,-203.8,-95,204,36592,11.02,0.75,56172,84944,-1,0,114,29480,708.2,2258,-81,13,44.04326,-68.89222,5,0.147,1
"2025-10-02 11:00:00",119,13.74,18.71,61,-95,-63,210,36592,11.02,0.75,56172,85664,-1,0,115,29480,767.5,2317,-89,4,44.04326,-68.8922,5,0.156,1
"2025-10-02 12:00:00",120,13.74,19.17,60,-62.98,-50,203,36592,11.02,0.75,56172,86384,-1,0,116,29480,812,2362,-77,13,44.04327,-68.8922,5,0.158,1
"2025-10-02 13:00:00",121,13.71,20.51,59,-49.99,-40,211,36592,11.02,0.75,56172,87104,-1,0,117,29480,878,2428,-71,13,44.04324,-68.89223,5,0.163,1
"2025-10-02 14:00:00",122,13.69,21.54,60,-40,-37,203,36592,11.02,0.75,56172,87824,-1,0,118,29480,943,2493,-73,13,44.04328,-68.8923,4,0.163,1
"2025-10-02 15:00:00",123,13.64,25.05,59,-37.06,-37,203,36592,11.02,0.75,56172,88544,-1,0,119,29480,996,2546,-77,13,44.04341,-68.89242,5,0.163,1
"2025-10-02 16:00:00",124,13.63,23.16,60,-78.99,-71,204,36592,11.02,0.75,56172,89264,-1,0,120,29480,1045,2595,-85,13,44.04333,-68.89233,5,0.158,1
"2025-10-02 17:00:00",125,13.66,19.78,61,-70.99,-65,204,36592,11.02,0.75,56172,89984,-1,0,121,29480,1108,2658,-77,13,44.04333,-68.89227,4,0.158,1
"2025-10-02 18:00:00",126,13.64,16.77,62,-64.9,6,204,36592,11.02,0.75,56172,90704,-1,0,122,29480,1173,2723,-79,13,44.04333,-68.89228,4,0.15,1
"2025-10-02 19:00:00",127,13.39,15.41,63,6.068,55,211,36592,11.02,0.75,56172,91424,-1,0,123,29480,1239,2789,-79,13,44.04332,-68.89218,5,0.15,1
"2025-10-02 20:00:00",128,13.26,14.58,63,55,57,204,36592,11.02,0.75,56172,92144,-1,0,124,29480,1300,2850,-51,13,44.04333,-68.89218,5,0.145,1
"2025-10-02 21:00:00",129,13.24,14.6,63,56.97,57,211,36592,11.02,0.75,56172,92864,-1,0,125,29480,1365,2915,0,13,44.04333,-68.89217,4,0.145,1
"2025-10-02 22:00:00",130,13.19,15.04,63,36.03,58,204,36592,11.02,0.75,56172,93584,-1,0,126,29480,1428,2978,-79,13,44.04333,-68.89217,4,0.143,1
"2025-10-02 23:00:00",131,13.21,15.01,63,57.99,58,204,36592,11.02,0.75,56172,94304,-1,0,127,29480,1494,3044,-77,13,44.04341,-68.8921,4,0.143,1
"2025-10-03 00:00:00",132,13.2,15,63,52.02,64,204,36592,11.02,0.75,56172,95024,-1,0,128,29480,0,3114,-79,13,44.04332,-68.89217,4,0.142,1
"2025-10-03 01:00:00",133,13.2,15.1,63,63.98,64,204,36592,11.02,0.75,56172,95744,-1,0,129,29480,72.85,3187,-79,13,44.04333,-68.89217,4,0.142,1
"2025-10-03 02:00:00",134,13.21,15.43,63,51.99,52,204,36592,11.02,0.75,56172,96464,-1,0,130,29480,142.8,3257,-75,13,44.04332,-68.89211,4,0.137,1
"2025-10-03 03:00:00",135,13.22,15.14,64,41.94,42,204,36592,11.02,0.75,56172,97184,-1,0,131,29480,213.1,3327,-77,13,44.04338,-68.89227,4,0.137,1
"2025-10-03 04:00:00",136,13.21,15.3,64,-2,-2,203,36592,11.02,0.75,56172,97904,-1,0,132,29480,284.2,3399,-81,13,44.04336,-68.89224,5,0.127,1
"2025-10-03 05:00:00",137,13.2,15.26,64,-1.96,27,204,36592,11.02,0.75,56172,98624,-1,0,133,29480,351.5,3466,-79,13,44.04331,-68.89223,5,0.127,1
"2025-10-03 06:00:00",138,13.2,15.2,63,27.02,39,210,36592,11.02,0.75,56172,99344,-1,0,134,29480,423.7,3538,-77,13,44.04348,-68.89233,4,0.127,1
"2025-10-03 07:00:00",139,13.24,15.96,63,38.96,39,211,36592,11.02,0.75,56172,100064,-1,0,135,29480,492.1,3606,-81,13,44.04336,-68.89218,4,0.127,1
"2025-10-03 08:00:00",140,13.42,18.12,61,9.86,10,203,36592,11.02,0.75,56172,100784,-1,0,136,29480,552.9,3667,-77,13,44.04332,-68.89213,4,0.111,1
"2025-10-03 09:00:00",141,13.44,19.77,61,-90,-66,203,36592,11.02,0.75,56172,101504,-1,0,137,29480,614.7,3729,-77,13,44.04333,-68.89214,4,0.111,1
"2025-10-03 10:00:00",142,13.46,20.26,61,-65.99,-56,210,36592,11.02,0.75,56172,102224,-1,0,138,29480,683.6,3798,-79,13,44.04323,-68.89216,4,0.111,1
"2025-10-03 11:00:00",143,13.77,21.53,60,-56.13,-56,204,36592,11.02,0.75,56172,102944,-1,0,139,29480,744.7,3859,-77,13,44.04333,-68.8922,4,0.111,1
"2025-10-03 12:00:00",144,13.67,20.47,61,-146.8,-33,204,36592,11.02,0.75,56172,103664,-1,0,140,29480,812,3926,-77,13,44.04337,-68.89214,4,0.106,1
"2025-10-03 13:00:00",145,13.69,20.12,60,-33.04,-33,203,36592,11.02,0.75,56172,104384,-1,0,141,29480,870,3984,-79,13,44.04338,-68.89217,4,0.106,1
"2025-10-03 14:00:00",146,13.71,20.27,61,-61.98,-48,211,36592,11.02,0.75,56172,105104,-1,0,142,29480,942,4056,-75,13,44.04336,-68.89222,5,0.1,1
"2025-10-03 15:00:00",147,13.72,19.8,62,-48.04,-48,203,36592,11.02,0.75,56172,105824,-1,0,143,29480,1005,4120,-75,13,44.04336,-68.89217,5,0.1,1
"2025-10-03 16:00:00",148,13.71,19.39,62,-76.98,-66,203,36592,11.02,0.75,56172,106544,-1,0,144,29480,1067,4182,-75,13,44.0434,-68.89226,4,0.075,1
"2025-10-03 17:00:00",149,13.72,18.73,62,-66,-66,210,36592,11.02,0.75,56172,107264,-1,0,145,29480,1137,4251,-75,13,44.04339,-68.89223,4,0.075,1
"2025-10-03 18:00:00",150,13.71,18.43,62,-65.93,-19,212,36592,11.02,0.75,56172,107984,-1,0,146,29480,1208,4323,-75,13,44.04336,-68.89223,5,0.075,1
"2025-10-03 19:00:00",151,13.42,16.52,63,-18.93,31,204,36592,11.02,0.75,56172,108704,-1,0,147,29480,1272,4387,-83,13,44.04337,-68.89223,4,0.075,1
"2025-10-03 20:00:00",152,13.28,16.65,63,30.99,31,204,36592,11.02,0.75,56172,109424,-1,0,148,29480,1336,4451,-75,13,"NAN","NAN",4,0.047,1
"2025-10-03 21:00:00",153,13.24,16.19,63,26,28,204,36592,11.02,0.75,56172,110144,-1,0,149,29480,1406,4520,-79,13,44.04331,-68.89208,4,0.047,1
"2025-10-03 22:00:00",154,13.22,16.21,64,28.02,41,203,36592,11.02,0.75,56172,110864,-1,0,150,29480,1474,4588,-75,13,44.04333,-68.89214,5,0.046,1
"2025-10-03 23:00:00",155,13.21,16.04,63,41.02,56,204,36592,11.02,0.75,56172,111584,-1,0,151,29480,1538,4653,-81,13,44.04323,-68.89214,6,0.046,1
"2025-10-04 00:00:00",156,13.22,15.91,64,55.98,56,204,36592,11.02,0.75,56172,112304,-1,0,152,29480,0,4711,-91,4,44.04332,-68.89213,5,0.046,1
"2025-10-04 01:00:00",157,13.22,15.67,64,39.98,40,203,36592,11.02,0.75,56172,113024,-1,0,153,29480,65.6,4777,-79,13,44.04331,-68.89212,5,0.046,1
"2025-10-04 02:00:00",158,13.19,15.42,64,25.03,43,204,36592,11.02,0.75,56172,113744,-1,0,154,29480,135.7,4847,-75,13,44.04334,-68.89216,4,0.036,1
"2025-10-04 03:00:00",159,13.22,15.6,64,42.95,43,211,36592,11.02,0.75,56172,114464,-1,0,155,29480,196.8,4908,-77,13,44.04335,-68.89224,6,0.036,1
"2025-10-04 04:00:00",160,13.19,15.67,63,9.04,38,211,36592,11.02,0.75,56172,115184,-1,0,156,29480,262.9,4974,-83,13,44.04338,-68.89231,5,0.029,1
"2025-10-04 05:00:00",161,13.19,15.67,63,37.97,38,204,36592,11.02,0.75,56172,115904,-1,0,157,29480,329.6,5041,-77,13,44.04337,-68.89231,5,0.029,1
"2025-10-04 06:00:00",162,13.18,15.36,63,17.02,33,204,36592,11.02,0.75,56172,116624,-1,0,158,29480,405.2,5116,-91,4,44.04334,-68.89229,5,0.036,1
"2025-10-04 07:00:00",163,13.28,16.21,63,32.87,33,203,36592,11.02,0.75,56172,117344,-1,0,159,29480,468.7,5180,-87,4,44.04333,-68.8923,5,0.036,1
"2025-10-04 08:00:00",164,13.38,18.27,62,-62.99,-59,204,36592,11.02,0.75,56172,118064,-1,0,160,29480,529.4,5240,-89,4,44.04331,-68.89227,4,0.036,1
"2025-10-04 09:00:00",165,13.45,18.63,62,-59.09,-59,203,36592,11.02,0.75,56172,118784,-1,0,161,29480,588.2,5299,-89,4,44.04333,-68.89224,4,0.036,1
"2025-10-04 10:00:00",166,13.57,22.79,61,-122.2,-122,210,36592,11.02,0.75,56172,119504,-1,0,162,29480,652,5363,-89,4,44.04333,-68.89222,4,0.044,1
"2025-10-04 11:00:00",167,13.58,23.74,61,-233.9,-167,211,36592,11.02,0.75,56172,120224,-1,0,163,29480,716.1,5427,-77,13,44.0433,-68.89217,5,0.05,1
"2025-10-04 12:00:00",168,13.63,23.12,60,-166.8,-45,204,36592,11.02,0.75,56172,120944,-1,0,164,29480,776.5,5488,-77,13,44.0433,-68.8922,4,0.054,1
"2025-10-04 13:00:00",169,13.63,23.31,61,-45.01,-45,204,36592,11.02,0.75,56172,121664,-1,0,165,29480,841,5552,-79,13,44.04329,-68.8922,4,0.054,1
"2025-10-04 14:00:00",170,13.63,24.37,60,-53.01,-53,203,36592,11.02,0.75,56172,122384,-1,0,166,29480,909,5620,-75,13,44.04335,-68.89218,5,0.054,1
"2025-10-04 15:00:00",171,13.61,26.33,60,-61.97,-41,211,36592,11.02,0.75,56172,123104,-1,0,167,29480,969,5680,-75,13,44.04325,-68.89246,4,0.04,1
"2025-10-04 16:00:00",172,13.57,27.03,59,-41.02,-41,203,36592,11.02,0.75,56172,123824,-1,0,168,29480,1033,5744,-77,13,44.04332,-68.89225,6,0.04,1
"2025-10-04 17:00:00",173,13.58,26.27,59,-58.01,-58,203,36592,11.02,0.75,56172,124544,-1,0,169,29480,1100,5811,-77,13,44.04334,-68.89225,4,0.04,1
"2025-10-04 18:00:00",174,13.56,22.08,61,-62.93,-12,204,36592,11.02,0.75,56172,125264,-1,0,170,29480,1155,5866,-79,13,44.04334,-68.89224,5,0.04,1
"2025-10-04 19:00:00",175,13.34,19.12,63,-11.94,31,211,36592,11.02,0.75,56172,125984,-1,0,171,29480,1199,5910,-79,13,44.04336,-68.89227,7,0.042,1
"2025-10-04 20:00:00",176,13.27,18.28,64,30.95,31,203,36592,11.02,0.75,56172,126704,-1,0,172,29480,1263,5974,-77,13,44.04333,-68.89222,4,0.043,1
"2025-10-04 21:00:00",177,13.24,17.77,63,-2.926,50,204,36592,11.02,0.75,56172,127424,-1,0,173,29480,1341,6052,-79,13,44.04331,-68.89223,4,0.046,1
"2025-10-04 22:00:00",178,13.23,17.2,63,49.98,50,211,36592,11.02,0.75,56172,128144,-1,0,174,29480,1407,6118,-91,4,44.04334,-68.8922,4,0.046,1
"2025-10-04 23:00:00",179,13.23,16.68,64,38.02,55,204,36592,11.02,0.75,56172,128864,-1,0,175,29480,1476,6187,-77,13,44.04333,-68.89219,4,0.056,1
"2025-10-05 00:00:00",180,13.21,16.32,63,55.02,66,203,36592,11.02,0.75,56172,129584,-1,0,176,29480,0,6265,-81,13,44.0433,-68.89218,8,0.056,1
"2025-10-05 01:00:00",181,13.21,15.83,63,65.97,66,203,36592,11.02,0.75,56172,130304,-1,0,177,29480,64.97,6330,-81,13,44.04329,-68.89217,6,0.063,1
"2025-10-05 02:00:00",182,13.22,15.59,64,43.98,44,204,36592,11.02,0.75,56172,131024,-1,0,178,29480,133,6398,-89,4,44.04341,-68.89214,4,0.063,1
"2025-10-05 03:00:00",183,13.21,15.3,64,27.01,37,204,36592,11.02,0.75,56172,131744,-1,0,179,29480,199.6,6465,-77,13,44.04329,-68.89222,4,0.073,1
"2025-10-05 04:00:00",184,13.2,14.97,64,37.02,48,204,36592,11.02,0.75,56172,132464,-1,0,180,29480,268.8,6534,-79,13,44.04323,-68.89225,6,0.073,1
"2025-10-05 05:00:00",185,13.21,15.13,64,47.96,48,204,36592,11.02,0.75,56172,133184,-1,0,181,29480,339.8,6605,-81,13,44.04332,-68.89224,5,0.073,1
"2025-10-05 06:00:00",186,13.2,15.68,63,18.99,19,204,36592,11.02,0.75,56172,133904,-1,0,182,29480,409.1,6674,-81,13,44.04333,-68.89226,6,0.073,1
"2025-10-05 07:00:00",187,13.32,15.7,64,13.85,14,204,36592,11.02,0.75,56172,134624,-1,0,183,29480,482.3,6747,-81,13,44.04333,-68.89226,4,0.081,1
"2025-10-05 08:00:00",188,13.45,18.78,63,-92.1,-92,204,36592,11.02,0.75,56172,135344,-1,0,184,29480,539.6,6805,-75,13,44.04333,-68.89228,4,0.081,1
"2025-10-05 09:00:00",189,13.47,23.48,61,-145,-113,203,36592,11.02,0.75,56172,136064,-1,0,185,29480,607,6872,-93,4,44.04333,-68.89223,5,0.089,1
"2025-10-05 10:00:00",190,13.54,25.06,61,-113.1,-113,210,36592,11.02,0.75,56172,136784,-1,0,186,29480,674.5,6939,-81,13,44.04334,-68.8922,4,0.103,1
"2025-10-05 11:00:00",191,13.56,24.81,62,-165.8,-4,204,36592,11.02,0.75,56172,137504,-1,0,187,29480,743.2,7008,-75,13,44.04332,-68.89223,5,0.106,1
"2025-10-05 12:00:00",192,13.57,25.92,58,-4.021,-4,204,36592,11.02,0.75,56172,138224,-1,0,188,29480,813,7078,-75,13,44.0433,-68.89222,4,0.114,1
"2025-10-05 13:00:00",193,13.57,25.75,59,-19.03,-19,211,36592,11.02,0.75,56172,138944,-1,0,189,29480,881,7146,-79,13,44.04324,-68.89223,4,0.115,1
"2025-10-05 14:00:00",194,13.57,24.18,61,-41.02,-41,204,36592,11.02,0.75,56172,139664,-1,0,190,29480,942,7207,-87,13,44.04329,-68.89217,6,0.115,1
"2025-10-05 15:00:00",195,13.6,24.66,60,-55.02,-55,204,36592,11.02,0.75,56172,140384,-1,0,191,29480,1005,7270,-75,13,44.04332,-68.89224,5,0.115,1
"2025-10-05 16:00:00",196,13.6,24.55,60,-68.99,-61,204,36592,11.02,0.75,56172,141104,-1,0,192,29480,1071,7336,-75,13,44.04333,-68.89227,6,0.115,1
"2025-10-05 17:00:00",197,13.6,23.29,61,-61.02,-61,211,36592,11.02,0.75,56172,141824,-1,0,193,29480,1139,7404,-79,13,44.04331,-68.89227,4,0.115,1
"2025-10-05 18:00:00",198,13.56,21.14,61,-76.9,-3,203,36592,11.02,0.75,56172,142544,-1,0,194,29480,1212,7477,-75,13,44.04335,-68.89227,5,0.085,1
"2025-10-05 19:00:00",199,13.36,18.38,63,-2.99,4,204,36592,11.02,0.75,56172,143264,-1,0,195,29480,1272,7537,-91,4,44.04334,-68.89227,4,0.085,1
"2025-10-05 20:00:00",200,13.27,17.67,64,4.017,16,204,36592,11.02,0.75,56172,143984,-1,0,196,29480,1329,7594,-75,13,44.04338,-68.89228,4,0.081,1
"2025-10-05 21:00:00",201,13.23,17.57,63,16.04,43,203,36592,11.02,0.75,56172,144704,-1,0,197,29480,1392,7656,-75,13,44.04333,-68.89226,4,0.081,1
"2025-10-05 22:00:00",202,13.23,17.15,63,42.99,43,204,36592,11.02,0.75,56172,145424,-1,0,198,29480,1452,7717,-87,4,44.04335,-68.89222,4,0.076,1
"2025-10-05 23:00:00",203,13.23,17.09,64,38.98,39,204,36592,11.02,0.75,56172,146144,-1,0,199,29480,1510,7775,-79,13,44.04325,-68.89221,5,0.076,1
"2025-10-06 00:00:00",204,13.2,16.9,63,22.07,74,204,36592,11.02,0.75,56172,146864,-1,0,200,29480,0,7838,-75,13,44.04334,-68.89221,5,0.076,1
"2025-10-06 01:00:00",205,13.23,17.12,64,73.94,74,203,36592,11.02,0.75,56172,147584,-1,0,201,29480,56.1,7894,-79,13,44.04333,-68.89214,4,0.076,1
"2025-10-06 02:00:00",206,13.22,17.04,64,30.01,37,203,36592,11.02,0.75,56172,148304,-1,0,202,29480,118,7956,-83,13,44.04332,-68.89214,6,0.071,1
"2025-10-06 03:00:00",207,13.23,16.64,64,36.99,37,203,36592,11.02,0.75,56172,149024,-1,0,203,29480,180.3,8019,-91,4,44.04343,-68.89227,4,0.071,1
"2025-10-06 04:00:00",208,13.19,17.01,64,27.01,37,210,36592,11.02,0.75,56172,149744,-1,0,204,29480,245.4,8084,-79,13,44.0433,-68.89228,6,0.069,1
"2025-10-06 05:00:00",209,13.22,17.02,63,36.95,37,204,36592,11.02,0.75,56172,150464,-1,0,205,29480,308.3,8147,-83,13,44.04336,-68.89227,4,0.069,1
"2025-10-06 06:00:00",210,13.21,17.07,63,3.017,15,203,36592,11.02,0.75,56172,151184,-1,0,206,29480,377.5,8216,-81,13,44.04337,-68.89229,4,0.069,1
"2025-10-06 07:00:00",211,13.27,17.45,63,14.91,15,203,36592,11.02,0.75,56172,151904,-1,0,207,29480,443.2,8282,-77,13,44.0433,-68.8923,6,0.069,1
"2025-10-06 08:00:00",212,13.48,19.6,61,-53.12,-53,204,36592,11.02,0.75,56172,152624,-1,0,208,29480,506,8344,-75,13,44.04335,-68.8923,6,0.074,1
"2025-10-06 09:00:00",213,13.5,21.78,60,-139,-139,210,36592,11.02,0.75,56172,153344,-1,0,209,29480,561.1,8399,-75,13,44.04335,-68.8923,4,0.074,1
"2025-10-06 10:00:00",214,13.62,23.62,60,-147,-121,211,36592,11.02,0.75,56172,154064,-1,0,210,29480,614.5,8453,-79,13,44.04335,-68.89227,5,0.078,1
"2025-10-06 11:00:00",215,13.63,23.57,62,-120.9,-40,204,36592,11.02,0.75,56172,154784,-1,0,211,29480,670.5,8509,-81,13,44.04333,-68.89219,5,0.086,1
"2025-10-06 12:00:00",216,13.62,22.79,60,-39.96,-12,204,36592,11.02,0.75,56172,155504,-1,0,212,29480,736,8574,-81,13,44.04333,-68.89223,4,0.086,1
"2025-10-06 13:00:00",217,13.66,22.22,61,-12.06,-12,204,36592,11.02,0.75,56172,156224,-1,0,213,29480,791.4,8630,-75,13,44.04328,-68.8922,4,0.086,1
"2025-10-06 14:00:00",218,13.66,22.51,61,-57.99,-52,204,36592,11.02,0.75,56172,156944,-1,0,214,29480,848,8686,-77,4,44.04331,-68.89214,5,0.079,1
"2025-10-06 15:00:00",219,13.66,22.5,62,-52.02,-52,204,36592,11.02,0.75,56172,157664,-1,0,215,29480,918,8757,-97,13,44.0433,-68.89217,4,0.079,1
"2025-10-06 16:00:00",220,13.66,22.83,62,-62.99,-59,203,36592,11.02,0.75,56172,158384,-1,0,216,29480,988,8826,-77,13,44.0434,-68.8922,4,0.079,1
"2025-10-06 17:00:00",221,13.64,24.14,61,-59.02,-59,203,36592,11.02,0.75,56172,159104,-1,0,217,29480,1056,8894,-79,13,44.04337,-68.89221,5,0.079,1
"2025-10-06 18:00:00",222,13.56,20.39,63,-69.87,27,204,36592,11.02,0.75,56172,159824,-1,0,218,29480,1119,8958,-81,13,44.04335,-68.89223,4,0.057,1
"2025-10-06 19:00:00",223,13.37,18.05,64,26.97,27,203,36592,11.02,0.75,56172,160544,-1,0,219,29480,1183,9021,-81,13,44.04333,-68.89217,4,0.057,1
"2025-10-06 20:00:00",224,13.27,17.51,64,5.004,8,203,36592,11.02,0.75,56172,161264,-1,0,220,29480,1252,9091,-75,13,44.04336,-68.8923,4,0.047,1
"2025-10-06 21:00:00",225,13.25,17.43,64,7.982,8,203,36592,11.02,0.75,56172,161984,-1,0,221,29480,1316,9154,-77,13,44.04338,-68.89228,4,0.047,1
"2025-10-06 22:00:00",226,13.23,17.41,64,-4.957,26,204,36592,11.02,0.75,56172,162704,-1,0,222,29480,1380,9218,-79,13,44.0434,-68.89217,5,0.047,1
"2025-10-06 23:00:00",227,13.23,17.17,64,26.01,31,203,36592,11.02,0.75,56172,163424,-1,0,223,29480,1439,9277,-81,13,44.04333,-68.89222,4,0.047,1
"2025-10-07 00:00:00",228,13.2,17.19,64,31.04,59,204,36592,11.02,0.75,56172,164144,-1,0,224,29480,0.074,9338,-73,13,44.04333,-68.89221,4,0.045,1
"2025-10-07 01:00:00",229,13.23,16.9,64,58.95,59,212,36592,11.02,0.75,56172,164864,-1,0,225,29480,76.19,9414,-81,13,44.0433,-68.89216,5,0.045,1
"2025-10-07 02:00:00",230,13.23,16.96,64,24,27,203,36592,11.02,0.75,56172,165584,-1,0,226,29480,138.1,9476,-79,13,44.0433,-68.89208,4,0.037,1
"2025-10-07 03:00:00",231,13.2,17.19,64,27.03,50,203,36592,11.02,0.75,56172,166304,-1,0,227,29480,208.6,9547,-79,13,44.04333,-68.89211,4,0.037,1
"2025-10-07 04:00:00",232,13.22,16.92,65,49.98,50,204,36592,11.02,0.75,56172,167024,-1,0,228,29480,272.5,9610,-73,13,44.04333,-68.89211,4,0.037,1
"2025-10-07 05:00:00",233,13.22,16.86,65,32.96,33,204,36592,11.02,0.75,56172,167744,-1,0,229,29480,342.3,9680,-75,13,44.04338,-68.89244,4,0.037,1
"2025-10-07 06:00:00",234,13.22,16.84,65,4.018,17,211,36592,11.02,0.75,56172,168464,-1,0,230,29480,416,9754,-79,13,44.04337,-68.89223,4,0.034,1
"2025-10-07 07:00:00",235,13.22,17.06,64,16.99,17,204,36592,11.02,0.75,56172,169184,-1,0,231,29480,480.8,9819,-79,13,44.04336,-68.89225,5,0.033,1
"2025-10-07 08:00:00",236,13.5,18.83,63,10.74,11,203,36592,11.02,0.75,56172,169904,-1,0,232,29480,548.8,9887,-77,13,44.04337,-68.89231,5,0.033,1
"2025-10-07 09:00:00",237,13.51,19.95,62,-175,-162,204,36592,11.02,0.75,56172,170624,-1,0,233,29480,612.6,9951,-73,13,44.04339,-68.89231,5,0.034,1
"2025-10-07 10:00:00",238,13.66,21.87,62,-161.8,-30,203,36592,11.02,0.75,56172,171344,-1,0,234,29480,674.8,10013,0,13,44.04339,-68.89221,5,0.042,1
"2025-10-07 11:00:00",239,13.66,22.71,62,-30.02,-30,204,36592,11.02,0.75,56172,172064,-1,0,235,29480,738.4,10076,-79,13,44.04331,-68.8922,4,0.042,1
"2025-10-07 12:00:00",240,13.66,22.1,62,-41,-38,204,36592,11.02,0.75,56172,172784,-1,0,236,29480,806,10144,-79,13,44.04331,-68.8922,4,0.042,1
"2025-10-07 13:00:00",241,13.67,20.02,62,-38,-38,210,36592,11.02,0.75,56172,173504,-1,0,237,29480,870,10208,-79,13,44.04328,-68.89219,4,0.042,1
"2025-10-07 14:00:00",242,13.69,19.34,62,-38,-38,204,36592,11.02,0.75,56172,174224,-1,0,238,29480,935,10273,-77,13,44.04338,-68.89232,4,0.032,1
"2025-10-07 15:00:00",243,13.75,19.63,62,-41.02,-41,210,36592,11.02,0.75,56172,174944,-1,0,239,29480,1001,10339,-75,13,44.04333,-68.89211,6,0.032,1
"2025-10-07 16:00:00",244,13.71,20.25,63,-57,-55,204,36592,11.02,0.75,56172,175664,-1,0,240,29480,1069,10407,-79,13,"NAN","NAN",4,0.022,1
"2025-10-07 17:00:00",245,13.65,19.52,63,-54.93,-2,211,36592,11.02,0.75,56172,176384,-1,0,241,29480,1140,10478,-77,13,44.04341,-68.89221,4,0.022,1
"2025-10-07 18:00:00",246,13.59,18.57,64,-1.982,11,204,36592,11.02,0.75,56172,177104,-1,0,242,29480,1207,10545,-79,13,44.04336,-68.89221,4,0.011,1
"2025-10-07 19:00:00",247,13.38,17.99,65,11,11,203,36592,11.02,0.75,56172,177824,-1,0,243,29480,1277,10615,-77,13,44.04341,-68.89227,4,0.011,1
"2025-10-07 20:00:00",248,13.28,17.72,65,8.98,9,204,36592,11.02,0.75,56172,178544,-1,0,244,29480,1340,10678,-75,13,44.04334,-68.89223,4,0.002,1
"2025-10-07 21:00:00",249,13.24,17.72,65,-2.996,0,204,36592,11.02,0.75,56172,179264,-1,0,245,29480,1404,10742,-81,13,44.04333,-68.89225,5,0.002,1
"2025-10-07 22:00:00",250,13.22,17.72,64,0.064,46,204,36592,11.02,0.75,56172,179984,-1,0,246,29480,1473,10811,-81,13,44.04333,-68.89228,4,0.002,1
"2025-10-07 23:00:00",251,13.2,18.06,64,46.26,230,210,36592,11.02,0.75,56172,180704,-1,0,247,29480,1537,10875,-77,13,44.04333,-68.89226,4,-0.011,1
"2025-10-08 00:00:00",252,13.22,18.02,64,229.7,230,211,36592,11.02,0.75,56172,181424,-1,0,248,29480,0,10939,-79,13,44.04333,-68.8922,4,-0.011,1
"2025-10-08 01:00:00",253,13.23,17.93,65,34.99,35,204,36592,11.02,0.75,56172,182144,-1,0,249,29480,58.33,10998,-79,13,44.04331,-68.89208,5,-0.011,1
"2025-10-08 02:00:00",254,13.23,17.66,65,29.99,30,203,36592,11.02,0.75,56172,182864,-1,0,250,29480,126.7,11066,-97,13,44.04333,-68.89204,5,-0.011,1
"2025-10-08 03:00:00",255,13.2,17.54,65,23.05,58,203,36592,11.02,0.75,56172,183584,-1,0,251,29480,185.9,11125,-79,13,44.04333,-68.89214,4,-0.011,1
"2025-10-08 04:00:00",256,13.23,17.45,65,57.91,58,203,36592,11.02,0.75,56172,184304,-1,0,252,29480,251.1,11190,-79,13,44.04332,-68.89214,4,-0.011,1
"2025-10-08 05:00:00",257,13.22,17.62,65,-4.992,1,203,36592,11.02,0.75,56172,185024,-1,0,253,29480,319.2,11258,-81,13,44.04337,-68.89221,5,-0.032,1
"2025-10-08 06:00:00",258,13.22,17.53,65,0.982,1,203,36592,11.02,0.75,56172,185744,-1,0,254,29480,388,11327,-77,13,44.04338,-68.89216,6,-0.032,1
"2025-10-08 07:00:00",259,13.22,17.87,65,-11.97,9,204,36592,11.02,0.75,56172,186464,-1,0,255,29480,447.7,11387,-75,13,44.04338,-68.89219,5,-0.038,1
"2025-10-08 08:00:00",260,13.26,17.92,65,8.96,9,204,36592,11.02,0.75,56172,187184,-1,0,256,29480,518.1,11457,-77,13,44.04338,-68.89221,4,-0.038,1
"2025-10-08 09:00:00",261,13.26,17.88,65,-21.99,-12,204,36592,11.02,0.75,56172,187904,-1,0,257,29480,582,11521,-79,13,44.04342,-68.89233,4,-0.043,1
"2025-10-08 10:00:00",262,13.25,17.98,64,-11.97,10,211,36592,11.02,0.75,56172,188624,-1,0,258,29480,646,11585,-79,13,44.04334,-68.8922,4,-0.043,1
"2025-10-08 11:00:00",263,13.2,17.48,64,10.07,60,203,36592,11.02,0.75,56172,189344,-1,0,259,29480,705.1,11644,-91,13,44.04337,-68.89207,4,-0.052,1
"2025-10-08 12:00:00",264,13.25,16.16,65,59.94,60,203,36592,11.02,0.75,56172,190064,-1,0,260,29480,771.3,11710,-91,4,44.04337,-68.89207,4,-0.052,1
"2025-10-08 13:00:00",265,13.39,16.23,65,18.9,19,203,36592,11.02,0.75,56172,190784,-1,0,261,29480,845,11784,-89,4,44.04329,-68.89214,4,-0.053,1
"2025-10-08 14:00:00",266,13.31,15.83,65,-51.92,3,211,36592,11.02,0.75,56172,191504,-1,0,262,29480,922,11861,-75,13,44.04334,-68.89223,4,-0.053,1
"2025-10-08 15:00:00",267,13.26,15.46,65,3.038,30,204,36592,11.02,0.75,56172,192224,-1,0,263,29480,984,11923,-79,13,44.04323,-68.89216,4,-0.053,1
"2025-10-08 16:00:00",268,13.28,15.47,64,29.95,30,204,36592,11.02,0.75,56172,192944,-1,0,264,29480,1041,11981,-73,13,44.04331,-68.89204,4,-0.053,1
"2025-10-08 17:00:00",269,13.33,15.75,64,-9.02,-9,211,36592,11.02,0.75,56172,193664,-1,0,265,29480,1107,12046,-73,13,44.04314,-68.8922,4,-0.053,1
"2025-10-08 18:00:00",270,13.3,15.96,64,-22.92,37,204,36592,11.02,0.75,56172,194384,-1,0,266,29480,1170,12109,-77,13,44.04325,-68.8921,4,-0.053,1
"2025-10-08 19:00:00",271,13.23,14.7,65,37.02,49,210,36592,11.02,0.75,56172,195104,-1,0,267,29480,1237,12176,-73,13,44.04319,-68.8922,4,-0.053,1
"2025-10-08 20:00:00",272,13.19,15.25,65,48.99,49,203,36592,11.02,0.75,56172,195824,-1,0,268,29480,1298,12237,-81,13,44.04322,-68.89224,4,-0.053,1
"2025-10-08 21:00:00",273,13.19,15.49,65,39.96,40,203,36592,11.02,0.75,56172,196544,-1,0,269,29480,1368,12307,-81,13,44.04327,-68.89226,5,-0.046,1
"2025-10-08 22:00:00",274,13.18,14.88,65,14.07,62,203,36592,11.02,0.75,56172,197264,-1,0,270,29480,1427,12366,-79,13,44.04328,-68.89229,4,-0.062,1
"2025-10-08 23:00:00",275,13.21,14.23,65,61.96,62,204,36592,11.02,0.75,56172,197984,-1,0,271,29480,1497,12436,-79,13,44.04316,-68.89221,4,-0.062,1
"2025-10-09 00:00:00",276,13.17,13.66,65,30.06,74,204,36592,11.02,0.75,56172,198704,-1,0,272,29480,0,12503,-83,13,44.04324,-68.89216,4,-0.062,1
"2025-10-09 01:00:00",277,13.19,13.29,65,73.94,74,203,36592,11.02,0.75,56172,199424,-1,0,273,29480,69.52,12573,-83,13,44.04325,-68.89216,5,-0.046,1
"2025-10-09 02:00:00",278,13.18,12.26,65,29,29,203,36592,11.02,0.75,56172,200144,-1,0,274,29480,135.7,12639,-51,13,44.04324,-68.89214,5,-0.037,1
"2025-10-09 03:00:00",279,13.19,11.72,65,29,29,203,36592,11.02,0.75,56172,200864,-1,0,275,29480,193.4,12697,-89,4,44.04326,-68.89217,4,0.022,1
"2025-10-09 04:00:00",280,13.17,10.98,65,28.02,41,203,36592,11.02,0.75,56172,201584,-1,0,276,29480,251.8,12755,-85,4,44.04323,-68.89212,4,0.025,1
"2025-10-09 05:00:00",281,13.18,11.06,64,40.98,41,204,36592,11.02,0.75,56172,202304,-1,0,277,29480,320.3,12824,-79,13,44.04316,-68.89212,5,0.036,1
"2025-10-09 06:00:00",282,13.15,10.58,65,23.01,33,203,36592,11.02,0.75,56172,203024,-1,0,278,29480,388.9,12892,-73,13,44.04322,-68.89214,4,0.052,1
"2025-10-09 07:00:00",283,13.25,10.7,63,32.93,33,203,36592,11.02,0.75,56172,203744,-1,0,279,29480,457.4,12961,-79,13,44.04319,-68.89213,5,0.052,1
"2025-10-09 08:00:00",284,13.43,12.52,62,-15.07,-15,204,36592,11.02,0.75,56172,204464,-1,0,280,29480,525.3,13029,-75,13,44.04321,-68.89222,6,0.056,1
"2025-10-09 09:00:00",285,13.62,13.17,62,-63.23,-63,211,36592,11.02,0.75,56172,205184,-1,0,281,29480,589.7,13093,-79,13,44.04329,-68.89213,4,0.065,1
"2025-10-09 10:00:00",286,13.52,13.65,62,-226.8,-100,203,36592,11.02,0.75,56172,205904,-1,0,282,29480,656.3,13160,-75,13,44.04325,-68.89228,4,0.105,1
"2025-10-09 11:00:00",287,13.58,15.09,61,-100.1,-100,211,36592,11.02,0.75,56172,206624,-1,0,283,29480,720.8,13224,-73,13,44.04326,-68.89221,4,0.109,1
"2025-10-09 12:00:00",288,13.57,16.4,61,-184.9,-115,204,36592,11.02,0.75,56172,207344,-1,0,284,29480,784.2,13288,-89,4,44.04325,-68.89218,5,0.128,1
"2025-10-09 13:00:00",289,13.86,17.09,61,-114.9,-72,210,36592,11.02,0.75,56172,208064,-1,0,285,29480,853,13356,-85,4,44.04315,-68.8922,4,0.128,1
"2025-10-09 14:00:00",290,13.77,16.98,61,-71.96,-41,204,36592,11.02,0.75,56172,208784,-1,0,286,29480,908,13411,-91,4,44.04325,-68.89216,4,0.128,1
"2025-10-09 15:00:00",291,13.77,16.34,62,-41.01,-41,204,36592,11.02,0.75,56172,209504,-1,0,287,29480,963,13467,-85,4,44.04322,-68.89216,4,0.128,1
"2025-10-09 16:00:00",292,13.81,16.82,62,-46,-45,211,36592,11.02,0.75,56172,210224,-1,0,288,29480,1020,13524,-81,4,44.04335,-68.89213,4,0.119,1
"2025-10-09 17:00:00",293,13.77,17.14,62,-44.99,-35,204,36592,11.02,0.75,56172,210944,-1,0,289,29480,1098,13601,-75,13,"NAN","NAN",4,0.119,1
"2025-10-09 18:00:00",294,13.71,15.9,63,-34.91,30,211,36592,11.02,0.75,56172,211664,-1,0,290,29480,1157,13660,-75,13,44.0432,-68.89214,4,0.119,1
"2025-10-09 19:00:00",295,13.42,13.93,65,30,30,204,36592,11.02,0.75,56172,212384,-1,0,291,29480,1222,13726,-77,13,44.04318,-68.8922,4,0.129,1
"2025-10-09 20:00:00",296,13.26,13.7,65,28.04,59,211,36592,11.02,0.75,56172,213104,-1,0,292,29480,1283,13786,-77,13,44.04328,-68.89201,4,0.129,1
"2025-10-09 21:00:00",297,13.23,13.23,65,58.97,59,203,36592,11.02,0.75,56172,213824,-1,0,293,29480,1358,13861,-79,13,"NAN","NAN",4,0.129,1
"2025-10-09 22:00:00",298,13.2,13.51,65,39.97,40,203,36592,11.02,0.75,56172,214544,-1,0,294,29480,1421,13924,-79,13,44.04325,-68.89227,5,0.129,1
"2025-10-09 23:00:00",299,13.22,12.64,65,20.02,36,211,36592,11.02,0.75,56172,215264,-1,0,295,29480,1489,13993,-81,13,44.04328,-68.89227,4,0.132,1
"2025-10-10 00:00:00",300,13.2,12.38,65,36.02,49,204,36592,11.02,0.75,56172,215984,-1,0,296,29480,0,14061,-87,4,"NAN","NAN",4,0.143,1
"2025-10-10 01:00:00",301,13.21,11.53,65,48.97,49,209,36592,11.02,0.75,56172,216704,-1,0,297,29480,63.05,14124,-83,13,44.04334,-68.8922,4,0.145,1
"2025-10-10 02:00:00",302,13.15,11.2,65,29.06,75,211,36592,11.02,0.75,56172,217424,-1,0,298,29480,129.6,14191,-77,13,44.04328,-68.89217,4,0.151,1
"2025-10-10 03:00:00",303,13.2,11.34,65,74.95,75,204,36592,11.02,0.75,56172,218144,-1,0,299,29480,199,14260,-79,13,44.04327,-68.8922,5,0.151,1
"2025-10-10 04:00:00",304,13.19,11.38,65,41.01,46,203,36592,11.02,0.75,56172,218864,-1,0,300,29480,265.9,14327,-89,4,44.04325,-68.89214,6,0.161,1
"2025-10-10 05:00:00",305,13.2,11.44,66,46,46,204,36592,11.02,0.75,56172,219584,-1,0,301,29480,324.5,14386,-83,13,44.04327,-68.89216,4,0.161,1
"2025-10-10 06:00:00",306,13.17,11.27,65,43.01,47,203,36592,11.02,0.75,56172,220304,-1,0,302,29480,393.1,14455,-83,13,44.04323,-68.89212,5,0.161,1
"2025-10-10 07:00:00",307,13.23,11.67,65,46.94,47,204,36592,11.02,0.75,56172,221024,-1,0,303,29480,459.8,14521,-75,13,44.04321,-68.89218,5,0.161,1
"2025-10-10 08:00:00",308,13.42,13.61,65,2.9,3,204,36592,11.02,0.75,56172,221744,-1,0,304,29480,529.5,14591,-73,13,"NAN","NAN",4,0.161,1
"2025-10-10 09:00:00",309,13.62,16.91,62,-69.19,-69,211,36592,11.02,0.75,56172,222464,-1,0,305,29480,601.5,14663,-79,13,44.04329,-68.89221,4,0.166,1
"2025-10-10 10:00:00",310,13.8,17.73,62,-208.8,-97,203,36592,11.02,0.75,56172,223184,-1,0,306,29480,672.1,14733,-81,13,44.04328,-68.89227,4,0.175,1
"2025-10-10 11:00:00",311,13.77,16.65,64,-96.9,-55,211,36592,11.02,0.75,56172,223904,-1,0,307,29480,743,14804,-79,13,44.04333,-68.8923,4,0.18,1
"2025-10-10 12:00:00",312,13.78,17.39,62,-55,-55,204,36592,11.02,0.75,56172,224624,-1,0,308,29480,816,14877,-77,13,44.04329,-68.89226,4,0.18,1
"2025-10-10 13:00:00",313,13.78,16.92,63,-58,-58,204,36592,11.02,0.75,56172,225344,-1,0,309,29480,893,14955,-85,4,44.04329,-68.89223,4,0.18,1
"2025-10-10 14:00:00",314,13.76,16.75,63,-57.97,-33,203,36592,11.02,0.75,56172,226064,-1,0,310,29480,975,15037,-79,13,44.04332,-68.89225,4,0.169,1
"2025-10-10 15:00:00",315,13.77,16.31,63,-33.01,-33,204,36592,11.02,0.75,56172,226784,-1,0,311,29480,1045,15106,-79,13,44.04326,-68.8921,4,0.169,1
"2025-10-10 16:00:00",316,13.77,16.28,63,-42,-42,203,36592,11.02,0.75,56172,227504,-1,0,312,29480,1109,15171,-81,13,44.04326,-68.8921,4,0.137,1
"2025-10-10 17:00:00",317,13.78,15.7,63,-44.01,-44,203,36592,11.02,0.75,56172,228224,-1,0,313,29480,1178,15239,-79,13,44.04324,-68.89211,4,0.137,1
"2025-10-10 18:00:00",318,13.7,14.98,64,-49.88,35,203,36592,11.02,0.75,56172,228944,-1,0,314,29480,1229,15290,-81,13,44.04332,-68.89217,4,0.118,1
"2025-10-10 19:00:00",319,13.43,13.75,65,34.93,35,203,36592,11.02,0.75,56172,229664,-1,0,315,29480,1297,15358,-73,13,44.04333,-68.89211,5,0.118,1
"2025-10-10 20:00:00",320,13.29,14,65,-13.98,0,204,36592,11.02,0.75,56172,230384,-1,0,316,29480,1365,15426,-77,13,44.0433,-68.89211,4,0.118,1
"2025-10-10 21:00:00",321,13.24,13.84,66,-0.007,0,204,36592,11.02,0.75,56172,231104,-1,0,317,29480,1426,15488,-81,13,44.0433,-68.89211,4,0.118,1
"2025-10-10 22:00:00",322,13.22,14.11,66,-4.988,4,204,36592,11.02,0.75,56172,231824,-1,0,318,29480,1496,15558,-77,13,44.04336,-68.89219,4,0.116,1
"2025-10-10 23:00:00",323,13.23,14.24,66,3.99,4,203,36592,11.02,0.75,56172,232544,-1,0,319,29480,1564,15626,-81,13,44.0433,-68.89221,4,0.116,1
"2025-10-11 00:00:00",324,13.21,14.62,65,-2.95,33,210,36592,11.02,0.75,56172,233264,-1,0,320,29480,0,15688,-75,13,44.04336,-68.89223,5,0.116,1
"2025-10-11 01:00:00",325,13.22,14.52,66,32.99,33,203,36592,11.02,0.75,56172,233984,-1,0,321,29480,59.58,15748,-77,13,44.04333,-68.89208,5,0.116,1
"2025-10-11 02:00:00",326,13.21,14.19,66,25.01,32,204,36592,11.02,0.75,56172,234704,-1,0,322,29480,125.8,15814,-79,13,44.04327,-68.89209,4,0.108,1
"2025-10-11 03:00:00",327,13.22,14.05,66,32,32,204,36592,11.02,0.75,56172,235424,-1,0,323,29480,196.2,15885,-79,13,44.04332,-68.8922,4,0.108,1
"2025-10-11 04:00:00",328,13.2,13.7,66,31,34,210,36592,11.02,0.75,56172,236144,-1,0,324,29480,261.6,15950,-79,13,44.04329,-68.89208,5,0.091,1
"2025-10-11 05:00:00",329,13.18,13.94,66,34.01,42,204,36592,11.02,0.75,56172,236864,-1,0,325,29480,329.8,16018,-83,13,44.04329,-68.8921,4,0.091,1
"2025-10-11 06:00:00",330,13.18,14.11,66,41.96,42,203,36592,11.02,0.75,56172,237584,-1,0,326,29480,402.3,16091,-79,13,44.04331,-68.8921,5,0.087,1
"2025-10-11 07:00:00",331,13.23,14.46,65,10.96,11,204,36592,11.02,0.75,56172,238304,-1,0,327,29480,469.6,16158,-77,13,44.04331,-68.89213,4,0.087,1
"2025-10-11 08:00:00",332,13.41,15.62,64,-16.14,-16,204,36592,11.02,0.75,56172,239024,-1,0,328,29480,537,16225,-75,13,44.0433,-68.89212,5,0.087,1
"2025-10-11 09:00:00",333,13.59,16.94,63,-119.2,-119,204,36592,11.02,0.75,56172,239744,-1,0,329,29480,602.7,16291,-79,13,44.04333,-68.89214,4,0.088,1
"2025-10-11 10:00:00",334,13.77,17.43,63,-229.8,-96,203,36592,11.02,0.75,56172,240464,-1,0,330,29480,679.4,16368,-87,4,44.04333,-68.89214,4,0.102,1
"2025-10-11 11:00:00",335,13.77,17.75,64,-96,-71,204,36592,11.02,0.75,56172,241184,-1,0,331,29480,745.1,16433,-91,4,44.04338,-68.89228,5,0.103,1
"2025-10-11 12:00:00",336,13.78,18.16,63,-71,-71,203,36592,11.02,0.75,56172,241904,-1,0,332,29480,818,16506,-75,13,44.04341,-68.89232,5,0.103,1
"2025-10-11 13:00:00",337,13.77,18.52,63,-70.83,52,210,36592,11.02,0.75,56172,242624,-1,0,333,29480,902,16590,-77,13,44.0433,-68.89217,4,0.103,1
"2025-10-11 14:00:00",338,13.71,18.59,63,51.85,52,203,36592,11.02,0.75,56172,243344,-1,0,334,29480,964,16652,-79,13,44.04334,-68.89224,4,0.103,1
"2025-10-11 15:00:00",339,13.75,18.57,63,-53,-53,203,36592,11.02,0.75,56172,244064,-1,0,335,29480,1037,16726,-79,13,44.0433,-68.89217,5,0.093,1
"2025-10-11 16:00:00",340,13.74,18.68,63,-53.98,-38,204,36592,11.02,0.75,56172,244784,-1,0,336,29480,1102,16791,-89,4,44.0435,-68.89214,4,0.093,1
"2025-10-11 17:00:00",341,13.75,17.96,64,-38.03,-38,204,36592,11.02,0.75,56172,245504,-1,0,337,29480,1175,16863,-75,13,44.04329,-68.89217,4,0.091,1
"2025-10-11 18:00:00",342,13.66,16.74,65,-62.91,3,211,36592,11.02,0.75,56172,246224,-1,0,338,29480,1240,16929,-79,13,44.04329,-68.89218,4,0.091,1
"2025-10-11 19:00:00",343,13.4,15.34,66,3.021,18,210,36592,11.02,0.75,56172,246944,-1,0,339,29480,1313,17001,-51,4,44.04333,-68.89207,4,0.091,1
"2025-10-11 20:00:00",344,13.26,14.94,66,18.03,38,204,36592,11.02,0.75,56172,247664,-1,0,340,29480,1379,17067,-81,13,44.04333,-68.89214,4,0.091,1
"2025-10-11 21:00:00",345,13.22,14.47,66,37.98,38,210,36592,11.02,0.75,56172,248384,-1,0,341,29480,1448,17136,-77,13,44.0433,-68.89222,5,0.091,1
"2025-10-11 22:00:00",346,13.22,13.98,66,24.95,25,203,36592,11.02,0.75,56172,249104,-1,0,342,29480,1516,17204,-77,13,44.04331,-68.89223,6,0.091,1
"2025-10-11 23:00:00",347,13.21,13.53,66,-13.98,2,204,36592,11.02,0.75,56172,249824,-1,0,343,29480,1584,17272,-77,13,44.04331,-68.89222,5,0.096,1
"2025-10-12 00:00:00",348,13.21,13.46,66,1.99,2,211,36592,11.02,0.75,56172,250544,-1,0,344,29480,0,17340,-79,13,44.04331,-68.89223,6,0.098,1
"2025-10-12 01:00:00",349,13.2,12.9,66,-4.981,9,203,36592,11.02,0.75,56172,251264,-1,0,345,29480,68.56,17409,-79,13,44.04332,-68.8922,5,0.107,1
"2025-10-12 02:00:00",350,13.21,12.88,66,9.02,20,203,36592,11.02,0.75,56172,251984,-1,0,346,29480,132.4,17473,-85,13,44.0433,-68.89219,4,0.107,1
"2025-10-12 03:00:00",351,13.19,13.07,66,20.06,60,204,36592,11.02,0.75,56172,252704,-1,0,347,29480,194.5,17535,-77,4,44.04331,-68.89217,5,0.107,1
"2025-10-12 04:00:00",352,13.21,13.14,66,59.97,60,210,36592,11.02,0.75,56172,253424,-1,0,348,29480,256.7,17597,-85,4,44.04331,-68.89216,5,0.107,1
"2025-10-12 05:00:00",353,13.2,13.21,66,35.02,49,210,36592,11.02,0.75,56172,254144,-1,0,349,29480,330,17670,-85,13,44.04326,-68.89214,6,0.098,1
"2025-10-12 06:00:00",354,13.2,13.08,66,48.97,49,203,36592,11.02,0.75,56172,254864,-1,0,350,29480,402.3,17743,-81,13,44.04326,-68.89214,6,0.098,1
"2025-10-12 07:00:00",355,13.19,13.05,66,29.99,30,204,36592,11.02,0.75,56172,255584,-1,0,351,29480,464.9,17805,-73,13,44.04326,-68.89211,6,0.098,1
"2025-10-12 08:00:00",356,13.43,14.73,65,23.84,24,204,36592,11.02,0.75,56172,256304,-1,0,352,29480,533,17873,-79,13,44.04325,-68.89218,5,0.098,1
"2025-10-12 09:00:00",357,13.44,15.46,65,-92,-92,204,36592,11.02,0.75,56172,257024,-1,0,353,29480,595.7,17936,-83,13,44.04326,-68.89223,4,0.098,1
"2025-10-12 10:00:00",358,13.55,17.09,63,-98.1,-98,204,36592,11.02,0.75,56172,257744,-1,0,354,29480,654.3,17995,-81,13,44.04328,-68.89233,4,0.116,1
"2025-10-12 11:00:00",359,13.96,16.84,63,-184,-184,203,36592,11.02,0.75,56172,258464,-1,0,355,29480,717.5,18058,-91,4,"NAN","NAN",4,0.116,1
"2025-10-12 12:00:00",360,13.72,16.93,64,-186.8,-62,203,36592,11.02,0.75,56172,259184,-1,0,356,29480,767.5,18108,-89,4,44.04332,-68.89233,6,0.121,1
"2025-10-12 13:00:00",361,13.77,16.89,63,-62.02,-62,204,36592,11.02,0.75,56172,259904,-1,0,357,29480,813,18154,-87,4,"NAN","NAN",4,0.121,1
"2025-10-12 14:00:00",362,13.77,17.02,63,-77.8,69,203,36592,11.02,0.75,56172,260624,-1,0,358,29480,873,18214,-81,13,44.04326,-68.89226,4,0.121,1
"2025-10-12 15:00:00",363,13.77,16.79,64,68.8,69,204,36592,11.02,0.75,56172,261344,-1,0,359,29480,933,18273,-81,13,44.04328,-68.89233,4,0.121,1
"2025-10-12 16:00:00",364,13.77,16.4,64,-76.98,-62,203,36592,11.02,0.75,56172,262064,-1,0,360,29480,1000,18340,-89,4,44.04325,-68.89224,4,0.116,1
"2025-10-12 17:00:00",365,13.64,15.85,65,-61.88,28,203,36592,11.02,0.75,56172,262784,-1,0,361,29480,1065,18406,-79,13,44.04328,-68.89224,4,0.116,1
"2025-10-12 18:00:00",366,13.4,15.17,65,28.04,56,203,36592,11.02,0.75,56172,263504,-1,0,362,29480,1126,18466,-85,4,44.04321,-68.89223,4,0.116,1
"2025-10-12 19:00:00",367,13.29,14.8,66,55.95,56,203,36592,11.02,0.75,56172,264224,-1,0,363,29480,1186,18527,-77,13,"NAN","NAN",4,0.116,1
"2025-10-12 20:00:00",368,13.2,14.87,66,20.25,200,204,36592,11.02,0.75,56172,264944,-1,0,364,29480,1257,18597,-77,13,44.04325,-68.89226,4,0.108,1
"2025-10-12 21:00:00",369,13.23,14.65,66,199.7,200,203,36592,11.02,0.75,56172,265664,-1,0,365,29480,1323,18663,-75,13,44.04325,-68.8923,4,0.108,1
"2025-10-12 22:00:00",370,13.2,14.73,66,17.05,52,204,36592,11.02,0.75,56172,266384,-1,0,366,29480,1389,18729,-73,13,44.04325,-68.89229,5,0.108,1
"2025-10-12 23:00:00",371,13.22,14.63,66,51.93,52,204,36592,11.02,0.75,56172,267104,-1,0,367,29480,1454,18795,-81,13,44.04322,-68.8922,4,0.108,1
"2025-10-13 00:00:00",372,13.19,14.3,66,2.057,43,204,36592,11.02,0.75,56172,267824,-1,0,368,29480,0,18863,-79,13,44.04325,-68.89235,4,0.108,1
"2025-10-13 01:00:00",373,13.19,14.18,66,42.98,43,204,36592,11.02,0.75,56172,268544,-1,0,369,29480,66.05,18929,-89,13,44.04327,-68.89232,5,0.108,1
"2025-10-13 02:00:00",374,13.18,13.98,66,25,25,211,36592,11.02,0.75,56172,269264,-1,0,370,29480,125.7,18989,-91,4,44.04329,-68.89233,5,0.092,1
"2025-10-13 03:00:00",375,13.22,14.15,66,21.97,22,204,36592,11.02,0.75,56172,269984,-1,0,371,29480,188.9,19052,-81,13,44.04333,-68.89233,4,0.092,1
"2025-10-13 04:00:00",376,13.19,13.78,66,1.031,23,203,36592,11.02,0.75,56172,270704,-1,0,372,29480,252.1,19115,-81,13,44.0433,-68.89233,4,0.081,1
"2025-10-13 05:00:00",377,13.21,13.53,66,22.98,23,204,36592,11.02,0.75,56172,271424,-1,0,373,29480,317.7,19181,-79,13,44.04331,-68.89239,5,0.081,1
"2025-10-13 06:00:00",378,13.17,13.93,66,11.09,77,204,36592,11.02,0.75,56172,272144,-1,0,374,29480,384.1,19247,-81,13,44.04325,-68.89234,4,0.081,1
"2025-10-13 07:00:00",379,13.21,13.72,66,76.94,77,203,36592,11.02,0.75,56172,272864,-1,0,375,29480,432.3,19295,-91,4,44.04332,-68.89231,5,0.081,1
"2025-10-13 08:00:00",380,13.17,13.58,66,32.03,54,204,36592,11.02,0.75,56172,273584,-1,0,376,29480,500.4,19363,-79,13,44.04314,-68.89228,4,0.081,1
"2025-10-13 09:00:00",381,13.26,13.45,66,53.89,54,203,36592,11.02,0.75,56172,274304,-1,0,377,29480,566.6,19430,-79,13,44.04324,-68.8923,4,0.081,1
"2025-10-13 10:00:00",382,13.31,13.89,65,-24.02,-24,204,36592,11.02,0.75,56172,275024,-1,0,378,29480,632.8,19496,-79,13,44.04324,-68.8923,4,0.101,1
"2025-10-13 11:00:00",383,13.35,14.09,65,-37.04,-37,203,36592,11.02,0.75,56172,275744,-1,0,379,29480,700.5,19564,-75,13,44.04324,-68.8923,4,0.101,1
"2025-10-13 12:00:00",384,13.31,13.86,66,-64.95,-30,204,36592,11.02,0.75,56172,276464,-1,0,380,29480,762.4,19625,-93,4,44.04328,-68.89236,4,0.103,1
"2025-10-13 13:00:00",385,13.36,13.9,66,-30.07,-30,211,36592,11.02,0.75,56172,277184,-1,0,381,29480,814,19677,-77,13,44.04329,-68.89236,5,0.103,1
"2025-10-13 14:00:00",386,13.36,14.66,65,-77.95,-44,212,36592,11.02,0.75,56172,277904,-1,0,382,29480,882,19745,-81,13,44.04332,-68.89241,4,0.103,1
"2025-10-13 15:00:00",387,13.38,14.89,65,-44.03,-44,204,36592,11.02,0.75,56172,278624,-1,0,383,29480,937,19800,-75,13,44.04332,-68.89236,4,0.103,1
"2025-10-13 16:00:00",388,13.34,15.15,65,-63.93,-17,203,36592,11.02,0.75,56172,279344,-1,0,384,29480,989,19852,-83,4,44.04332,-68.89236,4,0.102,1
"2025-10-13 17:00:00",389,13.29,15.25,65,-16.94,29,204,36592,11.02,0.75,56172,280064,-1,0,385,29480,1051,19914,-75,13,44.04329,-68.89229,4,0.102,1
"2025-10-13 18:00:00",390,13.21,14.45,66,29.06,73,204,36592,11.02,0.75,56172,280784,-1,0,386,29480,1115,19978,-75,13,44.04329,-68.89227,4,0.084,1
"2025-10-13 19:00:00",391,13.2,14.76,66,72.98,73,203,36592,11.02,0.75,56172,281504,-1,0,387,29480,1179,20042,-81,13,44.04325,-68.89214,4,0.084,1
"2025-10-13 20:00:00",392,13.2,14.3,66,58.97,59,211,36592,11.02,0.75,56172,282224,-1,0,388,29480,1238,20101,-79,13,44.04326,-68.89218,4,0.081,1
"2025-10-13 21:00:00",393,13.19,14.54,66,34.99,35,204,36592,11.02,0.75,56172,282944,-1,0,389,29480,1308,20171,-77,13,44.04327,-68.8922,4,0.081,1
"2025-10-13 22:00:00",394,13.17,14.66,66,31.03,56,211,36592,11.02,0.75,56172,283664,-1,0,390,29480,1378,20241,-79,13,44.04323,-68.89229,4,0.075,1
"2025-10-13 23:00:00",395,13.21,14.57,66,55.92,56,203,36592,11.02,0.75,56172,284384,-1,0,391,29480,1449,20312,-79,13,44.04323,-68.89235,4,0.075,1
"2025-10-14 00:00:00",396,13.17,14.68,67,0.067,48,203,36592,11.02,0.75,56172,285104,-1,0,392,29480,0.076,20382,-77,13,44.04325,-68.89242,4,0.073,1
"2025-10-14 01:00:00",397,13.19,14.7,66,47.97,48,204,36592,11.02,0.75,56172,285824,-1,0,393,29480,71.08,20453,-79,13,44.04327,-68.89239,5,0.073,1
"2025-10-14 02:00:00",398,13.16,14.48,67,25.06,66,204,36592,11.02,0.75,56172,286544,-1,0,394,29480,137.2,20519,-85,13,44.04329,-68.89233,5,0.073,1
"2025-10-14 03:00:00",399,13.19,14.7,67,65.95,66,204,36592,11.02,0.75,56172,287264,-1,0,395,29480,203.7,20586,-93,4,44.04326,-68.89231,5,0.073,1
"2025-10-14 04:00:00",400,13.2,14.24,67,30.99,31,204,36592,11.02,0.75,56172,287984,-1,0,396,29480,270.9,20653,-91,4,44.04328,-68.89236,4,0.057,1
"2025-10-14 05:00:00",401,13.2,14.4,67,20.99,21,203,36592,11.02,0.75,56172,288704,-1,0,397,29480,337.4,20720,-79,13,44.04329,-68.89233,4,0.057,1
"2025-10-14 06:00:00",402,13.19,14.36,67,13.03,36,204,36592,11.02,0.75,56172,289424,-1,0,398,29480,402.4,20785,-79,13,44.04329,-68.89231,4,0.057,1
"2025-10-14 07:00:00",403,13.2,14.32,66,36,36,204,36592,11.02,0.75,56172,290144,-1,0,399,29480,466.1,20848,-91,4,44.04324,-68.89232,6,0.057,1
"2025-10-14 08:00:00",404,13.29,14.77,66,35.94,36,204,36592,11.02,0.75,56172,290864,-1,0,400,29480,483,20865,0,4,44.04335,-68.89222,4,0.057,1
"2025-10-14 09:00:00",405,13.48,16.23,66,-9.16,-9,203,36592,11.02,0.75,56172,291584,-1,0,401,29480,531,20913,-83,13,44.04326,-68.89224,4,0.057,1
"2025-10-14 10:00:00",406,13.55,17.79,64,-126.1,-126,203,36592,11.02,0.75,56172,292304,-1,0,402,29480,582.7,20965,-83,13,44.04306,-68.89223,5,0.057,1
"2025-10-14 11:00:00",407,13.51,18.29,64,-182,-180,203,36592,11.02,0.75,56172,293024,-1,0,403,29480,648.5,21031,-79,13,44.04322,-68.89231,5,0.061,1
"2025-10-14 12:00:00",408,13.57,19.1,64,-180.1,-180,203,36592,11.02,0.75,56172,293744,-1,0,404,29480,719.4,21102,-77,13,44.04326,-68.89235,4,0.061,1
"2025-10-14 13:00:00",409,13.82,20.69,64,-228,-210,203,36592,11.02,0.75,56172,294464,-1,0,405,29480,791.3,21173,-89,4,44.04325,-68.89238,6,0.061,1
"2025-10-14 14:00:00",410,13.7,21.56,65,-209.7,-29,204,36592,11.02,0.75,56172,295184,-1,0,406,29480,880,21263,-77,13,44.04332,-68.89235,4,0.059,1
"2025-10-14 15:00:00",411,13.69,21.65,64,-29.03,-29,204,36592,11.02,0.75,56172,295904,-1,0,407,29480,946,21328,-87,4,44.04329,-68.89233,4,0.059,1
"2025-10-14 16:00:00",412,13.68,20.22,64,-54,-52,203,36592,11.02,0.75,56172,296624,-1,0,408,29480,1011,21393,-77,13,44.04329,-68.89231,5,0.032,1
"2025-10-14 17:00:00",413,13.62,17.56,65,-51.95,-13,210,36592,11.02,0.75,56172,297344,-1,0,409,29480,1074,21456,-75,13,44.04333,-68.89232,5,0.032,1
"2025-10-14 18:00:00",414,13.41,16.2,66,-12.96,15,204,36592,11.02,0.75,56172,298064,-1,0,410,29480,1140,21522,-93,4,44.04337,-68.8921,4,0.032,1
"2025-10-14 19:00:00",415,13.28,15.92,66,15.07,62,204,36592,11.02,0.75,56172,298784,-1,0,411,29480,1204,21587,-87,13,44.04329,-68.89228,4,0.011,1
"2025-10-14 20:00:00",416,13.22,15.66,66,62.01,69,210,36592,11.02,0.75,56172,299504,-1,0,412,29480,1270,21653,-79,13,44.04326,-68.89217,4,0.011,1
"2025-10-14 21:00:00",417,13.2,15.38,67,68.98,69,204,36592,11.02,0.75,56172,300224,-1,0,413,29480,1335,21717,-79,13,44.04331,-68.89216,4,0.01,1
"2025-10-14 22:00:00",418,13.23,15.74,67,53.94,54,204,36592,11.02,0.75,56172,300944,-1,0,414,29480,1395,21777,-91,4,44.04329,-68.8922,5,0.01,1
"2025-10-14 23:00:00",419,13.22,15.49,67,11.06,51,203,36592,11.02,0.75,56172,301664,-1,0,415,29480,1460,21842,-79,13,44.04329,-68.89213,4,0.01,1
"2025-10-15 00:00:00",420,13.22,15.49,67,50.94,51,204,36592,11.02,0.75,56172,302384,-1,0,416,29480,0,21904,-79,13,44.04335,-68.8922,6,0.01,1
"2025-10-15 01:00:00",421,13.21,15.18,67,8.01,15,204,36592,11.02,0.75,56172,303104,-1,0,417,29480,69.5,21974,-79,13,44.04327,-68.89232,5,-0.006,1
"2025-10-15 02:00:00",422,13.22,14.95,67,14.99,15,204,36592,11.02,0.75,56172,303824,-1,0,418,29480,127.6,22032,-83,13,44.04329,-68.89233,5,-0.006,1
"2025-10-15 03:00:00",423,13.19,14.94,67,9.06,51,204,36592,11.02,0.75,56172,304544,-1,0,419,29480,193.2,22097,-91,4,44.04333,-68.89229,4,-0.016,1
"2025-10-15 04:00:00",424,13.21,14.46,67,50.94,51,203,36592,11.02,0.75,56172,305264,-1,0,420,29480,251.1,22155,-93,4,44.0433,-68.89234,5,-0.016,1
"2025-10-15 05:00:00",425,13.21,14.3,67,6.021,21,204,36592,11.02,0.75,56172,305984,-1,0,421,29480,328.3,22232,-81,13,44.04329,-68.8923,5,-0.033,1
"2025-10-15 06:00:00",426,13.2,14.08,67,21.03,40,204,36592,11.02,0.75,56172,306704,-1,0,422,29480,399,22303,-69,13,44.04333,-68.89209,5,-0.033,1
"2025-10-15 07:00:00",427,13.22,14.34,67,39.99,40,204,36592,11.02,0.75,56172,307424,-1,0,423,29480,462.5,22367,-69,13,44.04328,-68.89224,4,-0.044,1
"2025-10-15 08:00:00",428,13.39,16.38,65,31.88,32,203,36592,11.02,0.75,56172,308144,-1,0,424,29480,519.4,22424,-89,4,44.0433,-68.89228,4,-0.044,1
"2025-10-15 09:00:00",429,13.44,16.7,66,-54.04,-54,204,36592,11.02,0.75,56172,308864,-1,0,425,29480,582.1,22486,-87,4,44.04325,-68.89225,4,-0.044,1
"2025-10-15 10:00:00",430,13.6,17.29,66,-83.2,-83,204,36592,11.02,0.75,56172,309584,-1,0,426,29480,648.5,22553,-85,4,44.04329,-68.89221,5,-0.042,1
"2025-10-15 11:00:00",431,13.46,17.66,66,-230.8,-65,204,36592,11.02,0.75,56172,310304,-1,0,427,29480,714.4,22618,-81,4,44.04326,-68.89221,4,-0.042,1
"2025-10-15 12:00:00",432,13.59,18.17,65,-65.05,-65,204,36592,11.02,0.75,56172,311024,-1,0,428,29480,788.1,22692,-75,13,"NAN","NAN",4,-0.042,1
"2025-10-15 13:00:00",433,13.75,17.8,65,-99.9,-43,210,36592,11.02,0.75,56172,311744,-1,0,429,29480,849,22753,-73,13,44.04321,-68.89222,4,-0.046,1
"2025-10-15 14:00:00",434,13.74,18.39,65,-43.01,-43,211,36592,11.02,0.75,56172,312464,-1,0,430,29480,910,22814,-81,13,44.04321,-68.89225,4,-0.046,1
"2025-10-15 15:00:00",435,13.75,18.61,65,-47.99,-43,210,36592,11.02,0.75,56172,313184,-1,0,431,29480,971,22875,-77,13,44.04329,-68.89238,4,-0.06,1
"2025-10-15 16:00:00",436,13.74,17.95,64,-43,-42,204,36592,11.02,0.75,56172,313904,-1,0,432,29480,1030,22934,-77,13,44.04328,-68.89244,4,-0.06,1
"2025-10-15 17:00:00",437,13.77,16.41,64,-42.02,-42,204,36592,11.02,0.75,56172,314624,-1,0,433,29480,1096,23000,-73,13,44.04324,-68.8923,5,-0.06,1
"2025-10-15 18:00:00",438,13.57,14.22,66,-55.87,36,204,36592,11.02,0.75,56172,315344,-1,0,434,29480,1160,23064,-75,13,44.04321,-68.89219,4,-0.06,1
"2025-10-15 19:00:00",439,13.33,13.26,66,36.03,54,203,36592,11.02,0.75,56172,316064,-1,0,435,29480,1225,23129,-77,13,44.04321,-68.89224,4,-0.06,1
"2025-10-15 20:00:00",440,13.23,12.32,66,54,56,204,36592,11.02,0.75,56172,316784,-1,0,436,29480,1289,23193,-79,13,44.04321,-68.8922,5,-0.07,1
"2025-10-15 21:00:00",441,13.22,11.97,67,55.96,56,204,36592,11.02,0.75,56172,317504,-1,0,437,29480,1345,23249,-91,4,44.04321,-68.89222,5,-0.07,1
"2025-10-15 22:00:00",442,13.19,12.34,66,26.01,33,203,36592,11.02,0.75,56172,318224,-1,0,438,29480,1409,23313,-77,13,44.04323,-68.89216,4,-0.07,1
"2025-10-15 23:00:00",443,13.21,12.25,66,32.98,33,203,36592,11.02,0.75,56172,318944,-1,0,439,29480,1472,23376,-77,13,44.04323,-68.89217,5,-0.07,1
"2025-10-16 00:00:00",444,13.19,12.15,66,20.01,27,204,36592,11.02,0.75,56172,319664,-1,0,440,29480,0.01,23445,-75,13,44.04318,-68.89217,5,-0.082,1
"2025-10-16 01:00:00",445,13.16,11.89,67,27.05,61,211,36592,11.02,0.75,56172,320384,-1,0,441,29480,63.31,23508,-79,13,44.0432,-68.8922,4,-0.082,1
"2025-10-16 02:00:00",446,13.19,11.73,66,60.97,61,204,36592,11.02,0.75,56172,321104,-1,0,442,29480,129.8,23575,-79,13,44.04315,-68.8922,4,-0.091,1
"2025-10-16 03:00:00",447,13.18,11.62,67,37.03,57,204,36592,11.02,0.75,56172,321824,-1,0,443,29480,195.9,23641,-79,13,44.04313,-68.89233,4,-0.091,1
"2025-10-16 04:00:00",448,13.18,11.14,67,56.97,57,204,36592,11.02,0.75,56172,322544,-1,0,444,29480,259.9,23705,-81,13,44.04323,-68.89234,4,-0.106,1
"2025-10-16 05:00:00",449,13.19,11.31,67,34.97,35,203,36592,11.02,0.75,56172,323264,-1,0,445,29480,325.8,23771,-79,13,44.04314,-68.89238,4,-0.106,1
"2025-10-16 06:00:00",450,13.18,11.48,66,15.02,32,204,36592,11.02,0.75,56172,323984,-1,0,446,29480,388.1,23833,-75,13,44.04321,-68.89227,5,-0.109,1
"2025-10-16 07:00:00",451,13.16,11,67,32.07,85,210,36592,11.02,0.75,56172,324704,-1,0,447,29480,494.1,23939,-75,13,44.04326,-68.89223,5,-0.109,1
"2025-10-16 08:00:00",452,13.2,11.61,66,84.9,85,211,36592,11.02,0.75,56172,325424,-1,0,448,29480,553,23998,-79,13,44.04322,-68.89223,5,-0.111,1
"2025-10-16 09:00:00",453,13.29,11.5,66,30.93,31,210,36592,11.02,0.75,56172,326144,-1,0,449,29480,604.4,24049,-91,4,44.04321,-68.89225,4,-0.111,1
"2025-10-16 10:00:00",454,13.36,11.91,66,-18.03,-18,211,36592,11.02,0.75,56172,326864,-1,0,450,29480,652.3,24097,-81,4,44.04335,-68.89221,4,-0.118,1
"2025-10-16 11:00:00",455,13.35,11.68,66,-37.98,-24,203,36592,11.02,0.75,56172,327584,-1,0,451,29480,666.4,24111,-79,13,44.04316,-68.89224,5,-0.118,1
"2025-10-16 12:00:00",456,13.33,11.6,66,-23.97,-2,204,36592,11.02,0.75,56172,328304,-1,0,452,29480,726.7,24172,-75,13,44.04325,-68.89223,4,-0.118,1
"2025-10-16 13:00:00",457,13.36,12.2,65,-2.032,-2,204,36592,11.02,0.75,56172,329024,-1,0,453,29480,790.1,24235,-75,13,44.04316,-68.89224,4,-0.118,1
"2025-10-16 14:00:00",458,13.35,12.24,66,-25,-25,204,36592,11.02,0.75,56172,329744,-1,0,454,29480,850,24294,-75,13,44.04318,-68.89221,4,-0.109,1
"2025-10-16 15:00:00",459,13.29,12.38,66,-24.93,29,204,36592,11.02,0.75,56172,330464,-1,0,455,29480,915,24360,-79,13,44.04316,-68.89227,6,-0.095,1
"2025-10-16 16:00:00",460,13.26,12.22,66,28.98,29,203,36592,11.02,0.75,56172,331184,-1,0,456,29480,982,24427,-75,13,44.04316,-68.89227,4,-0.09,1
"2025-10-16 17:00:00",461,13.25,11.64,67,12.99,13,203,36592,11.02,0.75,56172,331904,-1,0,457,29480,1047,24492,-77,13,44.04331,-68.89231,4,-0.09,1
"2025-10-16 18:00:00",462,13.19,10.85,67,4.061,48,210,36592,11.02,0.75,56172,332624,-1,0,458,29480,1111,24556,-81,13,44.0432,-68.89229,4,-0.09,1
"2025-10-16 19:00:00",463,13.19,11.04,67,47.97,48,204,36592,11.02,0.75,56172,333344,-1,0,459,29480,1173,24618,-79,13,44.0432,-68.89229,4,-0.09,1
"2025-10-16 20:00:00",464,13.17,11.18,67,26.01,34,210,36592,11.02,0.75,56172,334064,-1,0,460,29480,1227,24672,-93,4,44.04322,-68.8922,5,-0.1,1
"2025-10-16 21:00:00",465,13.18,11.53,67,33.97,34,204,36592,11.02,0.75,56172,334784,-1,0,461,29480,1276,24721,-79,13,44.04325,-68.8922,4,-0.1,1
"2025-10-16 22:00:00",466,13.13,11.61,67,12.08,72,204,36592,11.02,0.75,56172,335504,-1,0,462,29480,1335,24780,-79,13,44.04319,-68.8922,5,-0.1,1
"2025-10-16 23:00:00",467,13.18,11.17,67,71.93,72,203,36592,11.02,0.75,56172,336224,-1,0,463,29480,1395,24840,-79,13,44.04319,-68.89222,5,-0.1,1
"2025-10-17 00:00:00",468,13.18,11.44,67,23.01,31,203,36592,11.02,0.75,56172,336944,-1,0,464,29480,0.011,24903,-79,13,44.04316,-68.89222,5,-0.097,1
"2025-10-17 01:00:00",469,13.19,11.45,67,30.97,31,204,36592,11.02,0.75,56172,337664,-1,0,465,29480,67.52,24971,-83,13,44.04315,-68.89222,4,-0.097,1
"2025-10-17 02:00:00",470,13.18,11.6,68,6.029,27,203,36592,11.02,0.75,56172,338384,-1,0,466,29480,133.7,25037,-79,13,44.04316,-68.89226,4,-0.091,1
"2025-10-17 03:00:00",471,13.19,11.47,67,26.97,27,203,36592,11.02,0.75,56172,339104,-1,0,467,29480,206.2,25110,-77,13,44.04308,-68.89221,4,-0.091,1
"2025-10-17 04:00:00",472,13.17,11.58,67,8.02,20,204,36592,11.02,0.75,56172,339824,-1,0,468,29480,272.5,25176,-79,13,44.04321,-68.89242,4,-0.091,1
"2025-10-17 05:00:00",473,13.18,11.22,67,19.99,20,211,36592,11.02,0.75,56172,340544,-1,0,469,29480,341.5,25245,-83,13,44.04321,-68.89229,4,-0.091,1
"2025-10-17 06:00:00",474,13.14,11.8,66,16.04,45,203,36592,11.02,0.75,56172,341264,-1,0,470,29480,410.6,25314,-79,13,44.04318,-68.89233,4,-0.091,1
"2025-10-17 07:00:00",475,13.17,11.79,66,44.95,45,203,36592,11.02,0.75,56172,341984,-1,0,471,29480,481.3,25385,-79,13,44.04325,-68.89239,6,-0.091,1
"2025-10-17 08:00:00",476,13.25,12.06,66,6.007,11,204,36592,11.02,0.75,56172,342704,-1,0,472,29480,556.8,25460,-73,13,44.04321,-68.89224,5,-0.091,1
"2025-10-17 09:00:00",477,13.53,14.87,64,10.75,11,211,36592,11.02,0.75,56172,343424,-1,0,473,29480,608.7,25512,-79,13,44.04321,-68.89225,4,-0.091,1
"2025-10-17 10:00:00",478,13.5,14.56,65,-167.9,-123,203,36592,11.02,0.75,56172,344144,-1,0,474,29480,647.3,25551,-81,13,44.04321,-68.89221,4,-0.09,1
"2025-10-17 11:00:00",479,13.48,14.7,65,-123,-93,204,36592,11.02,0.75,56172,344864,-1,0,475,29480,686.1,25589,-91,4,44.04321,-68.89222,4,-0.025,1
"2025-10-17 12:00:00",480,13.44,15.72,65,-92.9,-54,203,36592,11.02,0.75,56172,345584,-1,0,476,29480,719.1,25622,0,13,44.04319,-68.89222,4,-0.017,1
"2025-10-17 13:00:00",481,13.49,16.48,64,-54.06,-54,203,36592,11.02,0.75,56172,346304,-1,0,477,29480,789.9,25693,-83,13,44.04317,-68.89223,4,-0.007,1
"2025-10-17 14:00:00",482,13.55,17.22,64,-96.1,-96,204,36592,11.02,0.75,56172,347024,-1,0,478,29480,858,25761,-73,13,44.04316,-68.89219,4,0.039,1
"2025-10-17 15:00:00",483,13.82,18.21,64,-143,-140,203,36592,11.02,0.75,56172,347744,-1,0,479,29480,923,25826,-75,13,44.04317,-68.89221,4,0.05,1
"2025-10-17 16:00:00",484,13.71,19.11,64,-139.9,-42,203,36592,11.02,0.75,56172,348464,-1,0,480,29480,988,25891,-79,13,44.0432,-68.89233,4,0.092,1
"2025-10-17 17:00:00",485,13.74,18.3,65,-42.02,-42,203,36592,11.02,0.75,56172,349184,-1,0,481,29480,1057,25960,-75,13,44.04325,-68.89224,5,0.121,1
"2025-10-17 18:00:00",486,13.56,15.93,67,-58.9,11,203,36592,11.02,0.75,56172,349904,-1,0,482,29480,1123,26027,-87,4,44.04321,-68.89226,4,0.121,1
"2025-10-17 19:00:00",487,13.36,14.83,68,11,11,204,36592,11.02,0.75,56172,350624,-1,0,483,29480,1192,26095,-75,13,44.04322,-68.8923,4,0.121,1
"2025-10-17 20:00:00",488,13.23,14.12,68,10.08,70,204,36592,11.02,0.75,56172,351344,-1,0,484,29480,1253,26157,-79,13,44.04324,-68.89229,4,0.08,1
"2025-10-17 21:00:00",489,13.2,13.78,68,69.99,70,204,36592,11.02,0.75,56172,352064,-1,0,485,29480,1317,26220,-91,4,44.04324,-68.89222,4,0.08,1
"2025-10-17 22:00:00",490,13.16,13.27,68,63.01,71,203,36592,11.02,0.75,56172,352784,-1,0,486,29480,1386,26290,-89,4,44.04324,-68.89223,4,0.022,1
"2025-10-17 23:00:00",491,13.21,13.18,68,70.94,71,204,36592,11.02,0.75,56172,353504,-1,0,487,29480,1449,26353,-89,4,44.04323,-68.89223,4,0.022,1
"2025-10-18 00:00:00",492,13.2,12.83,68,29.02,44,204,36592,11.02,0.75,56172,354224,-1,0,488,29480,0.084,26415,-79,13,44.04321,-68.89217,6,-0.018,1
"2025-10-18 01:00:00",493,13.2,12.62,68,44,44,204,36592,11.02,0.75,56172,354944,-1,0,489,29480,61.43,26477,-81,13,44.04321,-68.89217,5,-0.018,1
"2025-10-18 02:00:00",494,13.21,12,68,40.97,41,211,36592,11.02,0.75,56172,355664,-1,0,490,29480,128.9,26544,-75,13,44.0432,-68.89219,4,-0.038,1
"2025-10-18 03:00:00",495,13.16,11.46,68,20.07,67,203,36592,11.02,0.75,56172,356384,-1,0,491,29480,194.8,26610,-79,13,44.04316,-68.89228,5,-0.038,1
"2025-10-18 04:00:00",496,13.2,11.42,68,66.94,67,204,36592,11.02,0.75,56172,357104,-1,0,492,29480,268.5,26684,-77,13,44.04322,-68.89232,5,-0.038,1
"2025-10-18 05:00:00",497,13.15,10.79,68,27.04,53,204,36592,11.02,0.75,56172,357824,-1,0,493,29480,339.1,26754,-73,13,"NAN","NAN",4,-0.084,1
"2025-10-18 06:00:00",498,13.19,10.87,68,52.94,53,207,36592,11.02,0.75,56172,358544,-1,0,494,29480,409.7,26825,-79,13,44.04314,-68.89236,4,-0.084,1
"2025-10-18 07:00:00",499,13.16,11.15,68,10.07,62,204,36592,11.02,0.75,56172,359264,-1,0,495,29480,481.9,26897,-79,13,44.04325,-68.89234,6,-0.103,1
"2025-10-18 08:00:00",500,13.4,12.86,66,61.83,62,211,36592,11.02,0.75,56172,359984,-1,0,496,29480,551.5,26967,-83,13,44.04325,-68.89226,6,-0.103,1
"2025-10-18 09:00:00",501,13.48,14.34,66,-59.04,-59,203,36592,11.02,0.75,56172,360704,-1,0,497,29480,622.6,27038,-77,13,44.04322,-68.89222,4,-0.103,1
"2025-10-18 10:00:00",502,13.54,16.46,65,-90.1,-90,204,36592,11.02,0.75,56172,361424,-1,0,498,29480,690.5,27106,-89,4,44.04323,-68.89227,4,-0.064,1
"2025-10-18 11:00:00",503,13.58,16.92,65,-142.9,-76,211,36592,11.02,0.75,56172,362144,-1,0,499,29480,752.1,27167,-89,4,44.04323,-68.89226,4,-0.017,1
"2025-10-18 12:00:00",504,13.74,18.88,64,-75.96,-44,203,36592,11.02,0.75,56172,362864,-1,0,500,29480,812,27227,-77,4,44.04325,-68.89223,5,0.04,1
"2025-10-18 13:00:00",505,13.71,20.04,63,-43.95,-6,203,36592,11.02,0.75,56172,363584,-1,0,501,29480,846,27261,-77,13,44.04326,-68.89217,5,0.082,1
"2025-10-18 14:00:00",506,13.72,19.51,65,-6.042,-6,203,36592,11.02,0.75,56172,364304,-1,0,502,29480,898,27313,-75,13,44.04325,-68.89212,4,0.129,1
"2025-10-18 15:00:00",507,13.72,20.75,65,-36.03,-36,210,36592,11.02,0.75,56172,365024,-1,0,503,29480,968,27383,-81,13,44.04321,-68.89217,4,0.184,1
"2025-10-18 16:00:00",508,13.72,18.72,67,-57.02,-57,203,36592,11.02,0.75,56172,365744,-1,0,504,29480,1038,27453,-79,13,44.04327,-68.89224,4,0.184,1
"2025-10-18 17:00:00",509,13.74,17.68,66,-71,-71,209,36592,11.02,0.75,56172,366464,-1,0,505,29480,1110,27525,-81,13,44.04333,-68.89237,4,0.184,1
"2025-10-18 18:00:00",510,13.54,14.8,68,-73.89,6,204,36592,11.02,0.75,56172,367184,-1,0,506,29480,1173,27589,-71,13,44.04328,-68.8922,5,0.184,1
"2025-10-18 19:00:00",511,13.33,13.98,67,6.013,15,204,36592,11.02,0.75,56172,367904,-1,0,507,29480,1245,27660,-89,4,44.04335,-68.8923,5,0.111,1
"2025-10-18 20:00:00",512,13.23,13.65,68,15.02,29,211,36592,11.02,0.75,56172,368624,-1,0,508,29480,1314,27729,-81,13,44.04329,-68.8923,6,0.111,1
"2025-10-18 21:00:00",513,13.21,13.91,68,28.99,29,204,36592,11.02,0.75,56172,369344,-1,0,509,29480,1382,27797,-91,4,44.04333,-68.89219,5,0.111,1
"2025-10-18 22:00:00",514,13.22,14.05,68,23,25,204,36592,11.02,0.75,56172,370064,-1,0,510,29480,1450,27865,-93,4,44.04329,-68.89222,6,0.111,1
"2025-10-18 23:00:00",515,13.21,13.66,68,25.03,44,203,36592,11.02,0.75,56172,370784,-1,0,511,29480,1522,27937,-73,13,44.04325,-68.89223,5,0.009,1
"2025-10-19 00:00:00",516,13.22,13.81,68,43.98,44,211,36592,11.02,0.75,56172,371504,-1,0,512,29480,0.011,28014,-81,13,44.04321,-68.89221,5,0.009,1
"2025-10-19 01:00:00",517,13.2,13.27,68,31.99,32,203,36592,11.02,0.75,56172,372224,-1,0,513,29480,58.31,28072,-79,4,44.04322,-68.89214,4,0,1
"2025-10-19 02:00:00",518,13.18,13.35,69,27.01,36,204,36592,11.02,0.75,56172,372944,-1,0,514,29480,124.4,28139,-85,4,44.04326,-68.8922,5,0,1
"2025-10-19 03:00:00",519,13.2,13.39,68,35.97,36,203,36592,11.02,0.75,56172,373664,-1,0,515,29480,195,28209,-79,13,44.04328,-68.89217,5,-0.01,1
"2025-10-19 04:00:00",520,13.16,12.96,69,16.03,39,203,36592,11.02,0.75,56172,374384,-1,0,516,29480,270.3,28284,-89,4,44.04328,-68.89231,4,-0.01,1
"2025-10-19 05:00:00",521,13.18,12.87,68,39,41,203,36592,11.02,0.75,56172,375104,-1,0,517,29480,353.4,28368,-79,13,44.04326,-68.89227,4,-0.01,1
"2025-10-19 06:00:00",522,13.17,13.04,68,41,41,204,36592,11.02,0.75,56172,375824,-1,0,518,29480,422.9,28437,-83,13,44.04328,-68.8923,9,-0.007,1
"2025-10-19 07:00:00",523,13.21,13.52,68,39.94,40,203,36592,11.02,0.75,56172,376544,-1,0,519,29480,495.3,28509,-95,4,44.04327,-68.8923,6,-0.002,1
"2025-10-19 08:00:00",524,13.28,14.35,68,-4.057,-4,203,36592,11.02,0.75,56172,377264,-1,0,520,29480,571.9,28586,-83,13,44.0433,-68.89233,6,0.015,1
"2025-10-19 09:00:00",525,13.45,15.67,67,-45.12,-45,211,36592,11.02,0.75,56172,377984,-1,0,521,29480,639.5,28654,-77,13,44.04324,-68.89222,4,0.027,1
"2025-10-19 10:00:00",526,13.59,17.93,65,-128.1,-128,203,36592,11.02,0.75,56172,378704,-1,0,522,29480,707,28721,-77,13,44.04319,-68.8923,4,0.03,1
"2025-10-19 11:00:00",527,13.74,18.75,65,-207.8,-40,203,36592,11.02,0.75,56172,379424,-1,0,523,29480,781.7,28796,-75,13,44.04327,-68.89231,4,0.039,1
"2025-10-19 12:00:00",528,13.71,19.98,65,-39.98,-27,204,36592,11.02,0.75,56172,380144,-1,0,524,29480,849,28863,-77,13,44.04321,-68.8923,4,0.059,1
"2025-10-19 13:00:00",529,13.72,18.62,66,-27.06,-27,204,36592,11.02,0.75,56172,380864,-1,0,525,29480,919,28933,-79,13,44.04325,-68.89221,4,0.059,1
"2025-10-19 14:00:00",530,13.72,18.94,66,-68,-66,204,36592,11.02,0.75,56172,381584,-1,0,526,29480,992,29006,-77,13,44.04327,-68.89221,5,0.059,1
"2025-10-19 15:00:00",531,13.74,18.59,66,-66.01,-66,203,36592,11.02,0.75,56172,382304,-1,0,527,29480,1063,29077,-79,13,44.04329,-68.89218,4,0.059,1
"2025-10-19 16:00:00",532,13.74,19.67,65,-75.01,-75,204,36592,11.02,0.75,56172,383024,-1,0,528,29480,1140,29154,-79,13,44.04329,-68.89228,4,0.022,1
"2025-10-19 17:00:00",533,13.72,18.65,67,-79.98,-68,203,36592,11.02,0.75,56172,383744,-1,0,529,29480,1208,29222,-83,13,44.04333,-68.89229,5,0.022,1
"2025-10-19 18:00:00",534,13.5,15.67,68,-67.86,33,210,36592,11.02,0.75,56172,384464,-1,0,530,29480,1278,29292,-77,13,44.0433,-68.8923,5,0.021,1
"2025-10-19 19:00:00",535,13.35,14.92,69,32.93,33,211,36592,11.02,0.75,56172,385184,-1,0,531,29480,1341,29356,-89,4,44.04326,-68.89228,4,0.021,1
"2025-10-19 20:00:00",536,13.25,14.92,68,-20.96,11,204,36592,11.02,0.75,56172,385904,-1,0,532,29480,1419,29434,-89,4,44.04327,-68.89228,4,0.017,1
"2025-10-19 21:00:00",537,13.21,14.81,68,11.04,39,204,36592,11.02,0.75,56172,386624,-1,0,533,29480,1492,29506,-73,13,44.04325,-68.89228,4,0.017,1
"2025-10-19 22:00:00",538,13.22,14.92,68,38.98,39,203,36592,11.02,0.75,56172,387344,-1,0,534,29480,1563,29577,-79,13,44.04325,-68.89226,4,0.013,1
"2025-10-19 23:00:00",539,13.2,14.49,68,26.03,49,210,36592,11.02,0.75,56172,388064,-1,0,535,29480,1643,29657,-79,13,44.04327,-68.89221,5,0.013,1
"2025-10-20 00:00:00",540,13.18,14.67,68,49.01,54,204,36592,11.02,0.75,56172,388784,-1,0,536,29480,0.061,29727,-81,13,44.04327,-68.8922,5,0.013,1
"2025-10-20 01:00:00",541,13.21,14.79,68,53.95,54,210,36592,11.02,0.75,56172,389504,-1,0,537,29480,68.6,29796,-79,13,44.04326,-68.89217,5,0.013,1
"2025-10-20 02:00:00",542,13.2,14.64,69,20.99,21,204,36592,11.02,0.75,56172,390224,-1,0,538,29480,147.9,29876,-81,13,44.04327,-68.89223,5,0.013,1
"2025-10-20 03:00:00",543,13.22,14.85,69,15.98,16,203,36592,11.02,0.75,56172,390944,-1,0,539,29480,219.5,29948,-73,13,44.0433,-68.89223,4,0.013,1
"2025-10-20 04:00:00",544,13.2,14.85,69,3.018,16,204,36592,11.02,0.75,56172,391664,-1,0,540,29480,292.5,30022,-79,13,44.04332,-68.89224,5,0.013,1
"2025-10-20 05:00:00",545,13.21,14.88,69,15.97,16,203,36592,11.02,0.75,56172,392384,-1,0,541,29480,361.7,30092,-91,4,44.0432,-68.89213,4,0.013,1
"2025-10-20 06:00:00",546,13.21,14.96,68,-4.996,-2,204,36592,11.02,0.75,56172,393104,-1,0,542,29480,424.4,30155,-77,13,44.0433,-68.8923,5,0.003,1
"2025-10-20 07:00:00",547,13.17,14.9,69,-1.967,22,204,36592,11.02,0.75,56172,393824,-1,0,543,29480,495.7,30226,-89,4,44.04327,-68.8923,6,0.003,1
"2025-10-20 08:00:00",548,13.24,15.16,69,21.96,22,204,36592,11.02,0.75,56172,394544,-1,0,544,29480,578.4,30309,-89,4,44.04332,-68.89234,5,0.003,1
"2025-10-20 09:00:00",549,13.35,16.35,68,-5.118,-5,203,36592,11.02,0.75,56172,395264,-1,0,545,29480,644.1,30375,-79,13,44.04328,-68.89227,4,0.003,1
"2025-10-20 10:00:00",550,13.51,16.8,67,-90.1,-90,209,36592,11.02,0.75,56172,395984,-1,0,546,29480,713.7,30445,-75,13,44.04324,-68.89219,4,-0.006,1
"2025-10-20 11:00:00",551,13.46,17.28,67,-174.9,-131,203,36592,11.02,0.75,56172,396704,-1,0,547,29480,782.9,30515,-77,13,44.04328,-68.89224,4,-0.006,1
"2025-10-20 12:00:00",552,13.35,16.3,68,-130.9,-32,204,36592,11.02,0.75,56172,397424,-1,0,548,29480,853,30585,-73,13,44.04335,-68.89228,4,-0.006,1
"2025-10-20 13:00:00",553,13.45,16.73,68,-32.11,-32,204,36592,11.02,0.75,56172,398144,-1,0,549,29480,925,30658,-79,13,44.04345,-68.89226,4,-0.006,1
